1808
2807
1402
2620
1248
2365
1226
2070
2784
2937
2515
1618
2521
1116
2253
2884
2675
2856
2372
2225
1921
1703
1741
1423
2362
1884
2292
2299
2853
2657
2612
1194
2112
2815
2834
2071
2173
1869
1414
2171
1482
2735
2374
2795
1371
1935
1889
2187
2486
1289
1781
1744
1611
1201
1966
1908
1806
1935
1228
1698
2579
2554
2543
1984
1780
2147
2306
2189
1393
1400
2241
2016
1269
1161
2280
1392
1057
1943
1561
2626
1096
1288
2089
2381
2071
2232
1385
2170
2782
1545
2060
1830
1134
2971
2185
1561
1649
1350
2687
1761
2657
2068
1391
1576
2038
1980
2347
1685
2800
1721
1130
2014
2765
2937
1540
1899
2919
2289
1120
2309
2285
2126
1400
2285
1725
1830
1125
1961
2139
2461
2029
1337
1168
1395
2453
2616
1985
2587
2069
2078
1787
1431
1927
1650
1208
1695
1098
1277
1137
1632
2153
2665
1296
2497
1108
1209
2241
1520
2392
1938
1909
2123
1840
2327
2178
1915
1351
1730
2650
2555
2120
2254
1989
1366
1892
2018
1486
1742
1887
1576
2040
1449
2616
1691
2347
2038
1923
2527
2575
2206
1461
2986
2387
2613
1563
1680
2795
2943
1432
2972
1700
2031
1081
2042
1940
1483
1494
2003
1155
2635
2807
1167
1200
1169
1728
1262
2562
1314
2075
2274
2620
1282
2705
1316
2107
1102
1796
1239
2719
2531
1292
1898
2916
2988
2396
2550
2012
1992
1056
2615
2250
2730
2982
1384
1501
2042
1605
1847
1400
2105
1870
1160
2330
1490
1710
1973
2095
1419
2766
1378
1122
1899
2087
2718
2157
2549
2821
2790
2655
1523
2039
2132
2296
2158
2847
2293
2084
1289
2300
1113
1650
2558
2226
2003
2607
2352
2451
2079
2484
1679
2364
2723
1529
2986
2750
1118
1476
1183
1592
2206
1202
1630
1502
1614
2273
1276
1944
2428
2887
2755
1768
1448
2179
2214
2105
2696
2110
2977
1729
1048
1933
1023
2868
1103
2950
1782
2229
1469
1085
2846
2488
1057
1626
2415
2281
2775
2888
2311
2179
2398
1916
2586
2478
1992
2400
2740
2248
1802
1131
1002
1071
2147
2159
2911
2616
1530
1375
2642
2335
1472
1595
2933
2619
1988
2154
2008
1405
1077
2290
2132
2981
2226
2326
2019
2017
1917
1677
2540
2531
2047
1051
1966
1534
1861
2334
1650
1549
2919
2807
2866
1968
1785
1523
1480
1396
2875
2550
2703
1053
1035
2083
1622
2498
1275
1657
1779
1622
1756
2797
2372
2542
1833
2144
2352
1268
2961
1534
2428
1831
1980
1714
1210
2653
2142
2121
2284
1878
1322
1138
2246
1630
1694
2894
1010
1038
2124
1001
2044
1295
2456
1445
2941
1437
2781
2144
1062
1156
1371
1762
1506
1386
2187
1509
2286
2393
2451
1712
1397
2422
1492
2658
2003
1971
2560
1784
2379
2333
1754
2779
2740
2979
1174
1385
2462
2196
2831
2686
1138
2739
2503
1726
2744
2874
2857
1714
2562
1784
2266
2061
2118
1993
2014
1514
2409
2496
2167
1668
1318
2803
1737
2817
2813
1699
2569
2700
1369
1271
1107
2862
1578
1876
1978
2136
1473
2987
2618
2703
1770
2207
1721
2244
1251
1665
1260
1279
1531
1834
1687
2471
2342
1460
1372
1025
2061
1733
1781
1523
1330
1337
1196
1252
2209
1740
2055
2098
2338
2369
1089
2303
1562
2977
2467
1960
2097
2147
1602
2275
2319
1700
2818
2645
1328
1588
1017
1086
1239
1213
2078
2450
1086
1920
2175
2228
1131
2958
1026
2336
2366
1263
1891
1254
2870
2819
2669
2830
1172
2067
2084
1196
2264
2179
1790
2178
2199
2230
1650
2268
2958
1966
2424
1980
1040
1342
2992
2034
1931
2862
2095
2216
1545
2843
1764
1016
2515
1944
2121
2298
2367
2293
2197
2797
2458
1498
1982
1265
2736
1344
2044
2959
1336
2652
2776
1830
1149
1145
2483
2915
1335
1409
2275
1692
2153
2503
2648
1721
2515
2212
2253
1519
2615
1837
2778
1738
2232
2797
1255
2599
2991
1812
2170
1739
1256
2284
2241
1604
2985
1363
1564
2650
1698
2202
1825
2848
2767
2841
1171
1757
2411
2492
2476
1042
2271
2846
2711
1096
1784
2561
2251
1655
1655
2184
2210
1701
1553
2817
2264
2649
2263
1793
2590
2731
1696
1133
2765
1418
1154
2355
2280
2809
2415
1860
2251
1639
2188
2014
1344
1017
2973
2169
1760
2486
2204
2046
2390
1008
1113
2015
2783
1850
2491
2007
1358
2074
2565
1071
1004
2108
1476
1482
2508
1696
2500
1182
2797
1169
1393
2592
1880
2051
2459
2986
2697
1880
2995
1163
1483
2943
2771
2315
1420
1546
2730
2761
1456
1947
1829
1924
2817
2282
2617
1186
1747
2725
2092
1360
2390
2949
2387
1303
1205
2377
2534
1399
1259
2177
2672
1507
1189
2792
1891
2792
2466
2927
2232
2043
1368
1730
1284
2047
2240
2618
2950
2751
2993
1086
1468
2542
2842
2150
2934
2088
1609
2894
2658
2213
1177
1524
2934
2330
1416
1726
1453
2891
2070
1771
2376
2625
2633
2372
1062
2084
1534
1406
1150
2133
1786
1103
2809
1291
2862
1706
2653
2168
1897
1273
1859
1174
2903
1030
2730
1780
2151
1414
2405
1383
2875
2498
2655
2255
2184
1603
1711
2391
1949
1834
2518
1288
2097
2234
2485
1195
2949
2595
1980
2105
1928
1259
1597
1969
1193
1226
1231
1684
2583
2338
2175
1073
2389
2217
1136
2536
2073
1685
2595
1245
2051
2563
2530
2636
2603
2532
2774
2611
1283
2933
2520
1488
1596
2841
1620
1639
2788
1317
1402
1808
1756
2728
2206
2156
2680
2244
1328
1970
1504
1261
2070
2394
2932
2333
1061
2740
2476
1954
1150
1606
2684
2501
1764
1201
1703
2136
1692
2719
1915
2795
1406
1051
1178
1418
2248
2028
1929
1863
2690
1567
1201
2799
2572
2577
2738
2460
1843
2070
1671
1015
1250
1336
1973
1015
2853
2480
1518
2603
1017
2362
2002
1135
2032
1288
1669
1806
2721
2918
1771
2149
2379
2389
1007
2736
1481
1558
2099
1363
1073
2788
1682
2359
1767
1678
2993
1839
2703
2336
2468
2453
2944
1614
1918
2454
1587
1453
1808
1735
2779
2685
1202
1443
2286
2838
2543
2962
1361
1309
1914
1799
1827
2404
1487
1318
1824
2828
1797
2496
2229
2583
1327
1500
1491
1790
2657
2820
2940
2140
2160
1993
1403
2021
2754
1236
1424
1991
2853
1963
2105
1115
2524
2252
1404
1320
2323
2088
1120
2325
2787
1567
1532
1576
1425
2564
1975
1583
1377
1596
2975
1274
1321
1113
2757
2707
1696
2061
1253
1388
1573
2590
2211
1828
2411
2789
2945
2245
1890
2546
1501
2285
1969
1791
2231
2150
2767
1487
2400
2100
2354
1795
2526
2187
1278
1113
2941
1323
2207
2978
2240
2041
1922
1598
2084
2043
2989
1783
1381
1983
2191
1622
1865
2648
2562
1093
2763
1575
1581
2530
2003
1810
2342
1741
1696
1459
1189
2623
1591
1904
2819
2935
2181
1074
1569
1010
1648
2724
2693
2389
1436
2490
2352
2378
2394
2507
1019
1221
1771
2157
1135
1090
1858
1068
1683
1405
1159
1286
1984
2350
2647
1462
2241
2559
2345
1115
2134
1339
1628
2100
2328
1188
1132
1130
2711
2689
2243
1578
2462
2067
2460
2109
2680
1906
2882
1126
1692
2520
2151
1736
1988
2042
1138
2913
1036
1583
1375
2375
2341
1006
1610
1358
2073
2936
2630
2435
1065
1167
1240
1863
2418
2786
1505
1771
2142
2710
1176
1093
2630
1474
2101
1645
1605
2631
1482
1942
2392
1402
1021
1132
2978
2800
2720
1670
1036
2885
1889
1896
2777
1400
1180
2169
2424
2006
1759
1035
2227
1842
2070
2188
1588
2814
1045
1752
2422
1625
2644
2793
1801
1397
2564
2300
2800
2035
2720
1793
2357
1214
1759
2543
2813
1888
2773
1985
1125
2133
1273
1537
2155
2474
1042
1600
2490
1889
2522
1775
2093
1333
1620
1293
1716
1668
2954
2653
1188
1661
1375
2274
2377
2103
2724
2026
1383
1836
1238
1285
2414
2737
2116
2049
1180
1987
2382
1988
1660
1855
1961
2068
1276
2333
1311
1046
1468
1306
1763
2129
2210
2705
2594
2126
1595
1606
1205
1903
1532
1231
2259
2505
2934
1807
2099
1471
2648
1007
2976
2236
2447
2171
2005
2877
2952
2135
1303
1320
2981
1900
1490
1197
1214
1427
1883
1640
2991
2045
2789
2720
1392
2301
2240
2911
2994
2322
2411
1358
2452
2420
1834
2797
1877
1594
2515
2524
1204
2726
1058
2104
1636
2814
1516
2549
2699
1112
2240
1893
2250
2049
1737
1298
2246
1610
2097
1870
2245
1983
2752
1716
1556
1109
2034
2746
2373
2880
2918
1782
2726
2606
1170
2394
2108
2051
1044
1309
2367
1154
2532
2280
1118
1333
1765
2633
2932
1194
1930
2599
2898
2730
2021
2435
1132
1430
1930
2264
2320
2224
2291
2351
2976
2771
1853
2353
2641
1952
1935
2761
1276
1847
2186
2389
1714
2302
2284
1305
2972
2081
1823
2016
2288
1654
2270
2465
2255
2939
1848
1994
2172
2767
1565
2347
1991
1882
2453
2225
1831
1657
2176
2349
2055
2218
2024
2849
1975
1456
2738
2902
2643
2627
2948
2477
1904
1704
1744
2752
2915
1625
2271
2772
2460
1424
2041
1662
2623
2565
1472
1487
2435
1329
2764
2845
1107
2751
2817
2735
1715
2670
1693
1780
2716
1941
2541
1953
1320
2132
1647
2789
1690
2690
1042
1067
2516
2249
1674
1628
2780
1722
1616
1326
1208
2573
2998
1084
2518
2922
2328
2787
1448
2525
2718
2727
1245
2826
1550
1408
1995
1437
1646
2356
2984
1772
2423
2418
2168
2059
1093
2200
1265
2908
2891
2898
2842
1665
1651
2336
2770
1503
2211
1426
1949
1857
1275
2483
1560
2054
2507
2607
1374
1704
1234
1089
2227
1834
2209
1070
1549
2845
2669
2504
1747
2719
1780
1616
1566
1088
2199
1659
2588
2850
1381
1855
2819
1709
1688
1755
2018
1677
1000
1825
1811
2025
2510
1840
2029
1552
1300
1250
2118
1249
1911
2190
2790
2903
1166
2267
2967
1423
1573
1827
2408
1848
1362
2335
2960
2214
2744
1093
2127
2387
1978
2586
1328
1075
2247
2101
2667
1970
1443
2050
2856
1420
1095
1216
2958
1176
2943
1704
1481
1890
2033
2714
1785
1540
1997
1061
1111
2464
2704
2547
1139
2844
1283
2415
2120
1019
1968
2036
2705
1812
1204
2307
2966
2241
2736
2320
1742
1415
1114
2474
2568
1004
1744
1013
1749
2362
2540
2566
2060
2014
2691
2250
2545
1997
2968
2851
1728
2437
1294
2112
2163
2955
2794
2024
1747
2038
1894
2627
2044
1494
1474
1669
1497
2834
2934
1416
2014
2414
2402
1557
1396
1733
2662
1486
2334
2553
2317
1483
1259
1300
1316
1807
2661
1145
2089
1094
1334
2604
1023
2766
2586
2379
1901
2366
1055
1960
1462
1063
2088
2500
1635
1094
1570
1577
2588
2211
2446
1908
1927
2650
1437
1085
2759
2147
2458
1460
1029
2672
2944
1898
2828
2883
1052
2521
2862
2521
1630
2145
2564
2518
2185
2576
2371
2446
2618
2413
1626
1773
1749
1874
2680
2757
1130
2099
1466
2626
2231
1727
1314
2795
2007
2978
1907
2295
2120
1844
1017
1032
1978
1714
1542
2601
2484
2839
1398
2096
2320
1366
2740
1600
2694
2567
2725
2015
2631
1372
2210
2414
1984
2798
1908
1594
1390
1849
1224
1085
1136
2816
1378
2098
2376
2175
2253
1860
1980
1867
1584
1857
2073
1672
2125
1456
2071
2279
1459
1276
1655
1161
1699
2540
1048
1605
1247
2865
2202
1442
1118
2171
1754
1810
1277
2264
1499
2955
2687
2490
2262
2354
2901
2356
1368
1942
1273
2241
1914
1735
2804
1521
2574
1089
2496
2960
1573
2841
1719
1477
2813
1554
2106
1540
2280
1420
1006
1408
2520
1851
1632
2897
2054
2239
2537
2573
2465
1941
1597
1542
1572
2457
2798
1025
2000
2886
2733
2462
1801
2476
1088
1129
1581
1389
2559
1083
2558
2036
2265
1597
2465
2770
2995
2347
1743
1782
1312
1585
1673
2233
2397
1141
1336
1635
2579
1664
2434
2653
2735
1594
2377
1668
2430
2769
1309
1238
1234
2662
1106
2701
2578
1412
1724
1429
2541
2381
1271
2988
2479
2931
2339
1765
1868
1616
2060
1096
2873
1939
2615
2906
2602
1128
2313
1092
1238
1490
1298
2770
1158
2519
2422
2411
2925
1784
1292
2568
2962
1852
2816
2723
1528
2136
1635
1310
1678
2445
2562
2316
2226
2094
1940
2608
2593
2364
2108
2720
1754
1487
1135
2213
2352
1875
2431
1650
1582
1070
1574
2767
1140
1418
2735
2193
1088
1683
2589
1559
1768
1422
2799
2115
2260
1827
1227
1812
1657
1449
1943
2860
1759
2909
2888
1090
1924
1519
2113
2231
2825
2585
2221
1149
1402
2732
1239
2232
1067
1608
2598
1189
2126
2296
2935
2162
1154
2104
2018
2281
2037
2357
2783
1564
1417
1007
2113
2558
1461
1165
2896
2796
1714
1005
2581
1783
2582
1670
1198
1534
2942
1308
1553
2988
2435
2655
1229
1275
1791
1441
2700
1908
2857
2354
1381
2485
1517
2234
1135
1181
1207
1634
2015
1095
1869
1599
1778
2336
2988
2252
1398
2342
2939
2738
2914
2784
2940
1207
1367
1188
2961
1105
2222
1225
2491
2357
2080
2634
2701
1937
1844
1122
2127
1794
1747
1322
2622
2786
1752
2429
2465
1777
2916
1557
1719
2703
1342
1252
1404
1668
1063
1696
1451
2924
1802
2411
2252
2963
1922
1278
2462
1704
1847
2722
1344
2449
2016
2715
1738
1883
2396
1874
1641
1019
2668
2829
1303
1718
1624
2765
1416
1802
2594
2435
2496
2583
1655
2991
1123
2414
1377
2407
2293
1252
1049
2081
2288
1218
2298
2622
2931
1709
1777
2866
1223
1853
1233
2308
1437
2076
2868
1230
1139
2844
1883
2529
1942
2709
2406
1673
1554
1899
1087
2088
2596
2312
1136
1138
2096
1659
2773
2581
1774
1308
1516
2994
1887
2298
2457
1020
1566
1076
1286
1804
2226
1712
2232
2975
2880
2747
2108
2989
2061
1374
2816
1270
1649
1529
1247
1002
2790
2206
1124
1477
1344
1901
2064
2550
1399
2776
1318
2075
2239
1458
2595
1355
1305
1721
2715
1599
1522
1788
2318
1262
1033
1642
1722
2435
1134
2778
1722
2589
1702
2881
1420
2643
2251
1059
1969
2786
1488
2345
1341
1572
2818
2411
1246
2207
1498
2794
2393
1239
1440
2668
2223
2192
2617
2277
1871
2981
1265
2959
2870
2638
2963
2406
2049
1090
2420
2227
2099
2345
2912
2050
1810
2203
1341
1666
2443
2875
1004
2888
2150
2362
1390
1840
2900
1657
1570
2018
2148
1151
2588
1677
1094
2802
2258
2146
2903
2454
1840
1408
2203
2527
1563
1895
1928
1509
2450
2043
1230
1027
2865
2199
2677
1148
2560
2395
1152
2475
2680
1716
1645
2356
1621
1463
1230
1517
1686
1994
1633
2899
1985
1678
1371
1082
1812
1980
2436
1060
2759
2747
1660
1549
1341
1996
2332
2017
1642
1922
2886
2507
2782
2481
2734
1099
2814
2354
2226
2834
1540
1184
1029
2733
2589
2738
2601
2236
2448
1269
1226
1822
1471
2389
2088
2827
1125
1065
2669
1261
1792
2920
2429
2844
2296
1403
1146
2805
1869
2417
1047
1798
2431
1769
2165
1912
2134
1695
1145
1145
2418
2758
1246
1270
2781
2766
1607
1090
2429
1362
2669
2885
1894
1826
2070
2499
1243
1912
2567
1751
1861
2520
1680
1020
2204
2201
1861
1625
1570
2906
2126
2583
2943
1091
2276
1744
1543
1081
2379
2613
2120
2109
1935
1435
2880
1170
2631
1188
1707
1706
2231
2886
2713
1404
1537
2506
1566
1331
2027
1523
1171
1030
2316
1208
2843
1759
1231
2912
1408
1963
1098
2681
2123
1325
2937
1749
1650
2239
1299
1794
1739
2134
1502
2212
1247
2640
1087
1377
2138
2877
2249
1737
1439
1975
1511
2560
1289
2864
2693
1114
1531
2055
2119
1826
2457
1798
2461
1446
1344
2154
1311
1746
2048
2688
2290
2727
2570
2361
1229
1800
1460
2298
2277
1601
1385
2354
1251
2341
1661
2456
2200
1522
1406
1937
1719
2003
2967
1563
1872
2466
2158
1577
1741
1016
1661
1996
2309
1378
2638
1706
1071
2561
2543
2029
2800
2335
1204
1755
1733
2169
1996
2573
1180
1773
1308
2606
1549
2401
2968
1170
1526
2525
1680
2720
2771
2679
1911
2526
2669
2409
2510
2151
2873
1681
2367
1948
2721
1141
1510
2836
2528
2576
1961
1185
1815
1822
2873
1761
2989
1760
1233
1917
2099
2316
2954
2674
2596
1860
1377
2953
1004
2545
1536
1797
1264
1500
1049
2777
2123
2088
2962
2115
1033
2368
2297
1321
1195
1865
2233
2654
2811
1283
1669
2769
2202
1105
1121
1523
2053
1714
2816
2019
1638
1148
1063
2295
2919
1141
1361
2377
1377
1229
2684
1628
2946
1787
1136
1641
1293
2242
1872
2394
2092
2639
2505
1651
1136
2546
2135
2136
1945
1319
2567
1918
2705
2928
1895
2386
2050
1584
2922
2032
1144
1559
2135
2706
1201
2181
1857
1813
1281
2349
2674
2921
2786
2904
2576
1653
1113
2882
2657
2372
1956
1189
2299
1424
1823
2560
1924
1961
2118
2691
1336
2914
1428
1162
2137
1913
1737
2179
1105
1121
1083
2478
1411
2030
2388
2721
1247
1036
2617
1605
2836
2859
2282
1056
2415
1131
1445
1855
2338
2961
2757
2720
2112
2195
1064
2362
2389
2278
2783
2825
1283
2929
1262
1130
2071
2365
2355
1983
1897
2843
2403
1679
1682
2722
2960
2221
2264
1956
1463
1668
2581
2221
2821
2748
2822
2391
2154
2891
2511
1628
1814
2299
1692
1785
1567
1491
1202
2218
2149
2501
1043
1496
2061
1044
2272
1805
1433
1808
1658
1536
1720
2112
1777
1617
1578
1690
2285
2706
2796
1473
2747
1039
1538
2636
2367
1564
1458
1743
2280
2890
2349
2777
1025
1462
2377
2393
1075
1326
1833
2877
2840
1393
1310
1992
2202
2866
2598
1519
2458
1143
2659
2017
1133
2980
2743
2993
1857
1776
2571
2529
2685
2209
1599
1181
2214
1257
1916
2689
2397
2092
1429
1639
2358
1308
2251
1249
1572
1155
1231
2735
2992
2028
1203
1982
1625
2511
2170
2429
2181
2087
2590
1309
1109
2258
1936
1701
2902
1060
1641
2735
2724
2072
1263
2867
1257
2692
1012
1789
2787
1544
2521
1325
1684
2755
2031
2060
1155
2290
1470
1942
2656
1014
2702
1416
2036
2081
1235
2806
1414
1773
1862
2009
1466
1304
1133
2756
1541
2223
1117
2162
2380
2790
2710
1390
1817
1026
1309
2159
2127
1587
1559
1901
1733
2002
2928
2100
1838
1314
2156
1108
2138
2278
2165
1538
2549
1455
2995
2000
2589
2832
1241
1555
2529
1344
1196
1958
1284
1179
1599
2571
1009
2390
2521
1801
2057
2141
2328
1287
1831
2315
1631
2851
1781
1204
1675
2175
2168
2354
2947
2648
1973
2955
2398
2581
1671
2075
1470
1945
1545
1011
1418
2388
2253
2926
2665
1404
2591
2636
2026
2259
2580
1325
1777
2438
1900
1243
1004
2786
1030
2836
1283
1779
2339
1843
1550
2794
2434
2106
1936
2826
2363
1118
2209
1343
1367
1935
1610
2555
1612
2723
1225
1406
2583
2158
1589
1714
1762
2559
2059
1489
1365
1610
2070
1779
2680
1613
1726
1351
2167
1842
2999
2397
2958
2704
1738
1358
1667
2942
2992
2633
1716
1222
2283
1547
2325
1137
1007
2058
1260
1460
2477
1038
1816
2439
2321
1901
2171
1230
1617
1345
1624
1942
2262
1192
2007
1101
1959
1527
2422
1038
2848
1132
1098
2488
1010
2783
1411
1259
2468
2179
2973
1806
2631
2319
2754
2287
1511
1492
1309
1576
2157
2219
2826
1946
2241
2093
2298
1753
2733
1629
2082
2612
1261
2821
1554
2111
2610
1996
2131
1039
2822
1649
2394
2385
1722
1639
2425
2487
1052
1677
1509
1536
2692
1033
1314
1203
2892
1088
2330
1208
2000
1188
2316
2643
2987
2987
1825
2654
1089
2104
2218
2209
2155
1208
1670
2081
2221
2123
2672
1458
2932
1532
2356
2442
1195
2287
1810
2628
2172
2503
1883
2926
1923
1185
1257
2591
2398
2304
1051
1736
1121
2309
1341
2934
2503
1275
2326
2785
2803
2317
1979
2325
1715
2245
1201
1770
1958
1409
2047
1938
2132
2435
2530
1262
1852
2486
2011
1389
1403
2841
2643
1922
1272
1881
2190
2113
2525
2991
2317
1031
1151
2082
1390
1859
1246
2827
2174
2500
1784
2804
1294
2896
1864
1739
1635
1694
1357
1881
1447
1952
2037
1241
2270
1889
2616
2807
1187
2135
1488
1831
1840
2197
1270
2511
1724
1376
2712
1570
2943
2316
1798
1338
1153
1794
1981
1073
1889
2976
2571
2348
2482
1869
1216
2085
1071
1751
2357
2211
1790
1195
2391
1384
1587
2848
1244
1367
1691
1425
1526
1184
2553
2693
1269
1321
1902
1949
2534
1162
1633
2601
2233
1877
2638
2775
1329
2545
1226
2969
1797
2002
1653
2066
1795
2294
1048
2349
2212
2558
2350
2201
2155
2487
2063
2069
1046
1508
1800
1076
2343
2410
2358
2781
1645
2999
2112
2850
2043
2048
2997
1115
1754
1686
1323
2191
1274
2548
2214
2734
1683
2888
1289
1981
1771
2843
2615
1726
1504
2895
2050
2684
2724
2308
1109
2784
1609
1799
1165
2003
2322
1239
1633
2977
2937
1957
1139
2822
2287
1399
1183
2200
2638
1081
1984
2816
2202
2578
2530
2582
2662
1838
2978
1288
2018
2685
2897
2390
1282
2935
1367
1469
1642
2522
1061
2303
2006
1794
1571
2540
1238
2035
1656
2863
1799
2790
1335
1542
2348
1054
2326
2447
1291
1718
1851
1756
1588
1081
1183
2755
2844
2861
1716
2213
2248
1564
2963
2697
1157
2801
1853
2756
1268
2364
1636
2598
2994
2113
1922
2276
1254
2275
2743
1022
2916
1225
2624
1421
1086
2683
1314
1451
2186
1035
2007
1982
2255
2610
1343
1858
2825
2598
2775
1602
1644
2661
1175
2563
1445
1328
2549
1886
1291
1799
1048
2423
2309
2493
2983
2558
2837
2504
2975
2098
1074
2983
2835
1405
1667
2048
1310
2512
2375
1797
2004
2859
1282
1330
2278
2329
2434
1254
1509
2230
2352
1276
1886
1790
2193
2309
2947
1156
1020
2819
2298
2635
2022
2772
1694
2021
1609
2025
2867
1141
1203
2498
2504
2915
1291
2473
1733
2459
2318
2183
2020
2322
1799
1494
1340
1319
2430
2949
1127
2642
2551
2737
2278
2780
2891
2854
1099
2778
2340
1842
1283
1303
2769
2146
2311
1116
2585
1676
1271
1647
2749
1912
1447
1382
1190
1867
2486
1654
1646
1265
1257
1436
2890
1142
1319
2471
1605
2034
1869
2224
2136
2463
2114
2152
2564
2664
1396
1340
1698
2095
1841
1287
2754
2571
1746
1093
1825
1597
2978
1775
2534
1037
2604
1335
1306
2006
2674
1618
2583
1626
2090
2109
1545
1027
2803
1901
2786
2472
2725
2471
1658
1928
1318
2616
1571
2805
2393
1347
1754
2464
2242
1541
1817
1582
2772
2198
2010
2836
1195
1903
2950
2564
1701
2082
1212
2723
1402
2026
2701
2150
2861
2800
2243
2521
1627
1047
1330
2971
2321
2021
2695
2122
2234
2014
2829
1862
2981
2990
2158
1733
2501
2819
1750
1282
2402
2757
2724
2659
2348
1811
2778
1798
2768
1355
2963
2950
1892
1654
2372
1216
1852
1406
1803
1116
2399
2556
1588
1323
1027
1010
2667
1340
2516
1650
1291
1258
2372
2569
1141
2502
1469
2812
1804
1100
1106
2189
1741
1924
2163
1402
2429
2472
1295
1378
1114
2077
1124
1013
2307
1168
2594
1367
2244
1998
2845
2976
1257
1328
2193
1699
2675
2657
2992
2729
1305
2621
2071
2425
2934
1927
1663
1447
1248
1959
1887
2646
2329
2863
2814
1483
2158
2601
1206
2976
1885
1791
2980
1889
1891
1190
1804
2278
1219
1559
2490
2253
1523
1211
1491
2452
1169
2691
2762
1008
2610
1970
1630
2013
2427
2103
1456
2115
2537
2682
2275
2113
2938
1554
2460
1672
2430
2273
2905
1527
1672
1325
2174
2142
1183
2300
1946
2561
1090
2075
1960
1675
1096
1275
1490
1964
1220
1065
1103
1441
2167
2440
1917
1311
2336
1964
1050
1195
2590
2614
2284
1177
1655
1463
1073
2799
1521
2291
1904
2804
2829
1700
1774
1979
2115
2632
1645
1446
1737
2488
1903
1081
2237
2485
1752
1213
1634
2049
2161
2061
2839
1799
1049
2304
2834
1417
2854
2787
2204
1252
1993
2242
2422
2210
1264
1699
1754
1276
2581
2848
2188
1289
1283
1103
2671
2887
1752
1663
2276
1429
2406
2641
2909
1226
1844
2561
2639
2342
2402
2095
2006
1252
2474
2334
2082
2824
1361
1497
1055
1386
1292
1117
1587
1279
2336
2583
1953
1121
2849
2458
1370
2571
1804
1293
2611
1122
2097
1279
1121
1123
1816
2904
2529
2981
2197
1261
1524
1227
2245
2159
1528
1545
1384
2609
1666
2463
2633
2228
2566
1703
2648
1569
2985
1127
2840
2915
2894
2996
1124
2046
2557
1155
1165
2880
1522
1197
1823
1570
1745
1742
1170
2698
2039
1450
1931
1953
2667
2477
1906
2668
1748
1901
1007
1257
1844
2047
1454
1160
1090
2626
2097
2323
2422
2667
1589
1980
1117
2334
1468
2625
1500
1847
1737
2190
1040
1874
1419
2528
2148
2237
1568
2817
2797
1239
1211
1189
2767
2005
1121
2000
1811
2241
1980
1234
2528
1567
1522
2944
1189
2238
1664
2031
1049
2615
2224
1871
2185
1638
1371
1203
2368
2914
2263
1193
1110
1434
2416
1338
1103
1261
1701
1167
2628
2054
1034
2877
1183
2179
1387
1184
1295
2064
2752
2800
1324
2213
1947
1441
2340
2633
2590
1613
2324
1361
1738
2950
1362
2361
2851
2347
1031
2653
2063
2009
2218
2052
2765
1339
1735
2746
2450
2959
2783
1113
1822
1734
1753
1667
1133
2104
2630
1183
1930
2770
1555
1325
1214
1053
1767
2103
2310
2732
2139
1783
1843
1346
2473
2319
2618
1101
2621
1289
2747
2819
1129
1963
1503
2727
2821
1574
1899
2872
1523
2380
2002
2679
2241
1467
1958
2579
1239
2794
2335
1442
1408
2223
1332
2798
1429
2667
2757
2569
1205
2707
2236
2159
2801
2060
1704
2567
1395
2145
2153
2309
2719
2756
1546
2575
2594
1759
2711
2794
2119
1829
1568
2896
1112
1803
2374
1632
2274
2220
2531
2995
2769
2349
2294
1398
1642
2782
1323
2953
2904
2650
2473
1890
1309
2763
1685
2527
2906
2684
2837
2486
2971
2877
2798
2203
1897
1197
2574
1918
1059
1239
1030
1693
2599
1643
1055
1037
1545
2375
2798
1617
2518
2322
2866
1749
2627
1110
2009
2362
2766
2119
2338
1309
1174
2260
2590
1334
1303
2185
1104
2730
1197
1726
1683
1486
2618
1152
1307
1865
1826
2714
2147
2468
1427
2432
1782
2976
1011
1143
1129
1492
1633
2884
2533
2258
1358
2784
1426
1941
1924
2820
1695
1354
1012
2039
1647
1831
1118
2385
1293
2860
1593
1467
1616
1429
1986
1574
2425
2185
1729
2036
2009
1234
1416
1751
1120
1689
1509
1876
2672
2781
1270
1890
2416
1904
1020
2869
1228
2318
1640
2562
2906
2139
2337
1023
1463
1304
2200
1545
1568
2050
2707
2832
1181
1207
2166
1475
2615
2117
1280
1043
1227
2017
2656
2295
2982
1409
2264
1932
2352
2551
2586
2022
1829
1242
2592
1176
2126
1042
2264
2668
1407
1280
1051
2479
2729
2696
1423
1100
2239
2092
1730
2483
1702
1302
1687
1494
1206
2609
2253
2144
1405
2261
2106
2819
2851
2573
1624
1404
1976
1558
1014
1348
2169
1863
1503
2486
1457
1624
2791
2824
2940
2256
1857
1944
2295
1919
1885
1092
2035
2212
1263
2870
2649
1244
2060
1722
2647
2776
2846
2302
1112
2185
1030
2613
1522
2923
1216
1911
2473
2603
2642
2185
1265
2246
2559
2260
1120
1408
1560
2085
2674
2926
2818
2640
2726
2576
1731
1938
2438
1614
2853
1794
2052
2510
1533
1234
2383
1840
2581
2168
1365
1542
2053
2467
2979
1315
1393
1981
1767
2958
2764
2780
2182
2483
2538
2484
1962
1526
1091
2525
2947
2437
1347
1212
1375
2842
1694
2064
1060
1049
1313
1323
2089
1676
1795
2428
2101
1081
1819
1125
2735
1276
2891
2606
1380
1254
1402
2965
1591
1058
2864
1951
1939
1792
1162
1200
1804
1472
2093
2963
2964
1756
1527
2214
2745
2866
2337
1878
1227
1181
1472
2274
1852
2175
2619
2238
1824
1453
2679
1351
2243
2311
2974
1101
2874
2738
1887
2786
2785
1860
2238
2110
2660
1196
1612
2541
1769
2091
1489
1301
1035
2931
2342
1495
1745
1690
1535
1985
2621
2922
2789
2734
2353
2265
2962
2427
2971
2848
2406
2983
1361
2027
1174
2966
2311
1996
1556
2882
2014
2956
1993
1679
1062
2238
1967
2952
1012
1857
2812
2827
1727
2515
1720
2574
1604
2621
2319
2317
2154
2959
2210
2146
2144
2696
2152
2447
2930
2497
1778
2218
1594
2407
1581
2581
2163
1588
1136
1946
2904
1081
1220
1600
1899
2410
2915
2492
1698
1734
1258
2422
1996
1905
1288
2919
1234
1760
1913
2268
1080
2704
1772
2682
1570
1411
1919
2590
2915
2104
2364
1391
2769
2214
1725
2131
1253
2020
2940
2410
2750
2840
2581
1515
1301
2475
1596
2586
2171
2550
1803
2338
2158
2011
2004
1684
1802
2225
2261
2572
2317
1853
1465
2029
1955
1002
2939
2873
1184
2134
1909
1966
2300
2504
1750
1344
2632
1473
2290
1359
1951
2670
1508
2021
2407
1271
2815
1390
2231
1543
1042
2580
1010
2585
2249
1718
1762
2123
2096
2485
1360
1698
1827
2379
2784
1354
1104
2200
1129
1463
1598
1018
1777
2285
2487
2616
1640
1000
1281
1931
2683
2457
1706
1130
2201
2942
2785
2816
2562
2637
1842
2620
2555
2140
2617
2053
1021
2336
2760
2024
2622
1681
1507
1600
2007
2374
1913
1840
1396
2610
1885
2783
2459
2282
1778
2225
2420
2353
1157
2286
2023
1395
2884
2306
2418
1978
1949
2769
2521
2912
2833
1796
1432
1106
2039
2675
2293
1741
2796
1521
2272
2617
2232
1055
1148
1102
1693
1822
1959
2918
1705
2245
2741
2801
2810
2826
1227
2719
2289
2417
1687
1470
1631
1999
2669
2224
2572
1033
2621
2695
2598
2462
2464
1520
1734
1357
2512
2634
2399
2741
1511
1377
1472
2295
2272
2172
1129
1497
2682
2239
2442
2218
2363
2269
2822
2318
2321
1773
2630
2245
1908
2424
2619
1468
2407
1069
2747
2239
2205
2641
2605
1721
2488
1334
1503
1482
2796
2631
1764
1811
2082
2621
1868
2593
1113
2721
1515
2164
1831
1711
1259
2043
2558
2339
2941
2718
1353
2786
1755
1832
1957
2248
2553
2463
1885
2009
2570
1440
2605
2422
2831
1548
1336
2303
1114
1401
1893
1199
1777
1142
1428
1048
1149
2288
1967
1340
1794
1418
2267
1237
2633
1372
1358
1282
2985
1626
2714
1374
2101
2335
2983
2350
2111
2423
1216
1495
1737
1654
1107
2010
1308
1880
1932
1789
2178
1222
2715
1064
2701
2257
1601
2312
1739
2159
2938
1811
2273
1055
1108
2761
2484
2714
1615
1283
2502
1704
1036
2858
1053
2076
2167
1367
2848
2558
2369
1027
2523
1491
2406
2922
2995
2874
2926
2496
1187
1685
1551
1584
2019
1906
1439
1373
1162
2262
1975
1543
2938
2197
1587
2637
2954
2896
1974
2633
2850
2747
2426
1964
1311
2089
1365
2422
1878
2343
2023
2098
1253
2147
1168
2140
1205
2871
1310
2400
1868
1877
1364
2256
2463
2064
1831
1378
2852
2596
1842
2932
1829
2708
1177
2989
2833
1022
1402
1633
1740
1613
1247
2272
2967
1771
1504
2235
2554
2433
1846
1844
2942
2892
2346
1986
1527
2909
1100
2190
2222
1326
1280
1613
2685
2588
2290
2249
2180
1893
2666
2814
1129
2512
2171
2607
2523
2291
1125
1938
1799
2276
1146
2255
1843
1728
1870
2384
2808
1458
2231
1525
2446
1841
1988
2423
1535
1672
2234
1462
2573
2259
2042
1010
1215
1619
1742
1090
2486
1582
2370
2741
1519
1190
1871
2467
2753
2164
2162
2558
1477
1969
1724
2426
2486
2881
2002
1911
1790
1052
2117
2871
1152
2506
2092
2752
2036
1787
1181
1455
2924
2576
1114
1879
2822
1545
1272
1893
2490
1164
2011
1377
1699
1422
1902
1139
1162
1602
2287
1279
1230
1883
1830
2607
1888
2608
2501
2908
1403
2635
1931
1145
2865
1917
2595
2780
2304
2498
2426
2585
2451
2076
2638
1788
2341
1791
1745
1827
2432
1032
2653
2486
2563
1419
2769
2628
1187
1287
1706
2331
2408
2808
1053
1012
1448
2777
1936
2424
1201
1652
1080
1491
2160
2568
1133
2260
2095
2262
2666
2765
1386
1880
2129
1550
1666
2621
2972
2920
2251
1413
2781
2608
1136
1926
2726
1283
2695
1417
1461
2368
2766
1092
2295
2727
2020
1589
2606
1644
1221
1015
1773
1479
2669
1124
2656
1627
2622
1672
2008
2881
2973
2861
1412
2784
2726
2280
1435
1611
2672
2848
2230
2440
2538
2342
2699
2744
1797
2933
1427
2920
2108
2488
2909
1571
2077
2850
2284
2610
2555
1774
1115
2497
1165
1955
2465
1886
1998
2003
1024
1745
2519
2705
1063
1395
1434
1469
1943
1276
2885
1966
1650
2253
1638
2410
2703
1334
2350
1621
1002
2710
2670
1539
1321
2333
1438
1212
2762
2367
2909
1979
1672
1927
1986
2930
2620
1893
2657
2750
2959
1062
2777
1299
1117
1630
1082
1060
1814
1349
2963
2689
2415
1979
1322
2397
1157
2745
2485
1178
1633
1350
1845
2804
2503
1922
2467
1671
2377
2898
1683
1197
1880
2761
2612
2440
2746
1168
1897
2504
2359
1730
2114
2154
1693
1590
1763
1038
2020
1897
1766
2227
2732
1383
1885
2561
1058
2710
2799
2978
2770
2880
1348
1053
2758
1595
1052
1233
2556
2182
2009
2651
1941
1554
2941
1604
1034
2218
2045
1243
1577
2529
2837
2570
1390
1927
2294
1350
2749
1623
2314
2376
1771
1840
2712
2324
2892
2814
2163
1379
2518
2260
2829
2481
2933
1225
1001
1652
1384
2428
1709
2983
2953
1652
2086
2563
1706
2361
1942
1801
2475
1337
2296
1998
2872
1560
2452
2451
2606
1015
1518
1040
2046
1119
2729
1709
2586
1482
2681
1949
1437
2271
1446
1959
1368
1816
2108
1954
2006
1489
1711
2460
2928
1360
1644
2167
2781
2203
2603
2976
2337
2522
1009
2478
1463
1514
2338
2468
2041
2299
1811
2563
1484
2423
1564
1711
1017
2832
2956
2827
1669
2084
2472
1635
1410
1375
1052
1031
1710
1950
2018
2399
2521
1611
1871
1232
2709
1402
1338
1657
2294
1951
1209
1370
1480
2889
1652
1682
1296
1535
1450
1954
2923
2406
2882
1764
2626
1084
1274
2162
1263
2180
2875
1540
1145
1214
1262
1162
1323
1746
1911
2721
1044
2905
1840
2454
2087
1704
2689
2821
2802
2954
2234
2268
1067
2409
2035
2817
1063
1305
1675
2684
1732
1441
1612
1122
2342
2999
1968
1504
1071
2870
2749
1968
1575
2719
2091
1339
2156
2393
2007
1467
1954
2454
2192
1612
2011
2692
2766
2350
2162
1004
2402
1129
2290
1914
2553
1726
2643
2746
2618
2134
2436
1163
1343
1386
2628
1395
1472
2766
2250
1535
2586
2314
2581
2341
1439
2966
1534
1416
2743
2833
1306
1559
2949
2878
1643
2066
1604
2908
1797
2986
2800
1681
1518
2677
2625
2946
2655
1514
2081
1297
1319
2975
1311
2004
1311
2508
1660
2670
1160
1387
2691
1612
2544
1791
1398
2158
2772
2750
2307
2687
1727
2349
1253
1363
2689
2022
1527
1741
2955
2360
2035
1882
1286
2844
2025
2157
1667
1775
1387
2808
2221
2992
2741
2979
1259
2472
1242
1853
1537
1137
1353
2556
2054
1109
2622
1218
1057
1924
2117
2030
2716
1633
2186
2892
2555
2986
1212
2218
2822
2210
2032
1368
1009
2236
2049
1356
1853
2166
2884
1647
2183
1504
1050
1799
1166
1799
1759
2161
2338
1603
2544
2010
2712
1161
1274
2411
2378
1790
1404
1007
1739
1081
2030
2563
1992
1218
2763
2569
1962
1741
1178
1496
1784
1390
1963
1795
2906
1080
2108
1972
2536
2278
1035
2885
2768
2676
2838
2651
2135
2011
2158
1520
1511
1799
2218
2795
1654
2887
1848
2830
2535
2449
1998
2620
2410
1183
2495
2709
1646
2794
1993
1583
2087
1745
2635
1267
1082
2406
1267
1377
1942
2821
2757
2544
1325
2018
2024
2566
2991
2830
1499
1472
1591
2549
1925
2528
2575
1096
2298
1200
1439
2034
1113
1879
2291
1129
2642
1399
1418
2082
2085
2751
1594
2385
2726
1524
1553
1068
1244
2375
2263
2395
1288
2659
1503
1151
2243
2374
2300
2140
1329
2890
2497
1236
2705
2094
1136
2001
2566
1413
2387
1358
2192
2731
2713
1122
2179
1424
1193
1739
1690
1378
1010
1667
1620
2395
1603
1314
2636
1188
2278
2735
2966
2196
2455
2212
2133
1546
1538
1677
1354
2243
2618
1340
1287
2808
2518
1389
2338
1175
1591
1505
1013
1932
1604
2953
1842
1451
1958
1057
2739
2077
1232
2966
2895
1157
1317
1382
1161
1438
2733
2290
1971
1027
2115
2482
1008
1370
1046
1141
1766
2734
1119
2451
2050
1239
2418
2018
2262
1704
1069
1169
2557
1061
2925
2581
2048
1743
1312
2141
1361
1758
2438
1572
2772
2233
2448
1346
2781
1525
1403
2591
1828
1592
2134
2534
2101
1945
2542
1105
2004
2742
1307
2103
2382
2592
2643
2766
1195
1159
1820
1471
2128
2366
2047
2229
1649
2107
2088
1025
1395
1709
1114
1566
1167
2362
1695
1996
2674
2660
2813
1243
1937
2472
2052
1541
2410
1235
2388
2248
1014
1808
1820
2622
1611
2946
1773
1867
1438
1531
1853
2083
1749
2663
1559
1622
2923
2776
1647
2425
2108
2958
2275
1522
1792
1891
1870
1408
1381
1440
2726
2580
1444
2368
1637
1584
1894
1855
2596
2666
1616
1390
1731
2444
2617
1990
1686
2620
1340
1093
1626
2147
1480
1946
2485
2589
1893
1130
1306
2620
2210
2541
1580
1048
2282
1640
2202
2791
1205
1111
1433
1845
1514
2823
1599
1568
2417
1805
1691
1939
2630
2519
2835
2829
2571
2845
2421
1581
1077
2850
1919
1501
1238
1965
2377
1128
1899
1279
1040
1096
1323
1600
2894
2480
2048
2331
1653
2515
2578
2674
2155
1568
1934
1151
1470
1611
2166
1609
1480
2696
2739
2447
2046
1942
1525
1300
2211
1718
2251
2711
1866
2743
1069
1229
2264
2032
2838
2238
2968
1945
2096
1801
1144
2422
1368
1284
2192
2448
1488
1796
1779
1906
1907
1829
1854
1469
1411
2358
1821
2057
1182
1749
1517
1416
1935
1298
2348
1592
2801
1539
1788
2118
2974
1876
2887
2889
2278
2008
2893
2738
1131
2880
1240
1182
2089
2247
1952
2101
2179
1736
2523
2706
2088
2108
2604
1663
1445
1588
1788
1309
2948
1167
1814
1309
1090
1464
1596
2718
1646
1408
1880
1043
1356
1763
1533
2288
1610
1641
1179
2657
2874
2652
2385
1271
1342
2257
2316
1264
2658
1781
2542
2290
2067
1285
2810
2339
1358
1578
1676
1960
1875
1103
1046
1513
2023
2432
2900
2077
2313
1857
1473
1143
1276
1544
2866
1964
2483
2008
1777
1919
1868
1371
2468
2107
1907
2651
2619
1277
1735
1437
1673
1964
2137
1690
1338
1046
1632
1163
1843
2648
1402
2145
1446
2345
2493
2271
1892
2947
1004
1364
2253
1232
1269
2712
1908
2061
2183
1763
2094
2381
2576
2885
2265
2237
2517
1941
1048
2095
2955
2473
1340
2773
1297
2414
2111
2812
2785
2021
1850
2003
2364
1946
2983
1366
1234
1282
1248
1227
1091
1617
2374
1336
1423
1766
1982
1247
1241
2067
1686
1976
1531
1660
1221
1721
2147
2763
2352
2564
1819
2606
2968
2685
2247
2318
1729
2535
2967
2604
2718
2154
1403
2362
2952
1074
1606
2180
2030
2631
1068
1577
1733
1461
2757
2698
2720
1048
1779
1485
2092
2069
2976
1326
1506
1031
2881
2707
2480
1029
2183
2731
1761
1917
2660
2498
1863
1887
2410
1587
1195
1560
2511
1195
1516
1178
2669
2582
2003
1252
2310
1096
2263
2659
1044
1578
2604
2405
1582
2814
2359
1861
2103
1985
1100
1768
2945
1277
1480
2723
1519
2792
1979
1111
2936
1484
1949
2938
1782
2452
2353
2531
2174
2495
1878
1154
2299
1972
1610
2778
1139
1475
2026
2171
2763
2500
2981
2272
2406
2702
2319
1122
2073
1477
2448
2087
1210
2833
2172
1227
1686
2232
1790
1209
2481
2327
1789
2278
1160
1442
2993
2266
1363
1893
2814
2427
2823
1238
2799
2552
2824
1434
2558
1744
2843
2624
2848
1197
2793
1326
2942
1024
1279
2854
2653
2857
2194
2468
1311
2690
1585
2967
1619
1690
2707
2249
2775
1097
1103
2701
2206
1381
1754
2884
2876
1536
1482
1068
2765
1979
1801
2902
2310
2380
2358
1186
1204
1799
2102
2601
1777
1756
1736
2935
2565
2445
2581
1171
2632
1817
1318
1004
2309
1322
2128
2274
1579
2680
1242
1053
2685
1848
2575
1886
1785
2628
1663
2193
1654
2952
2800
1387
2358
2518
1042
1830
1163
2695
1983
2118
1238
1215
1249
1863
1290
2603
2078
1413
2815
2634
1951
2872
2227
2469
2334
1802
2651
1453
2157
1318
2103
2751
1572
2606
2115
1878
2418
2441
2297
2877
1045
2151
2932
1807
2644
2435
1520
1917
1977
2324
1325
1019
2220
2735
1475
2968
2507
1373
1471
2185
2182
1525
1019
1009
2230
1061
2667
2622
2749
1154
2867
2578
2073
1498
1111
1789
2611
2818
2747
1892
1236
2113
1081
1376
1318
2664
1104
2117
1864
2940
1177
2909
2780
1730
1157
1265
2443
1829
1443
2195
2424
2071
1982
1915
2113
2802
2994
2732
2801
1770
1023
1618
2675
2689
2710
2331
2514
1622
2784
2287
1147
1227
2622
2957
1252
1537
1435
1715
1894
1602
2494
2137
1717
2555
1020
2507
2976
1284
1306
2994
1028
1613
2160
2189
2411
2791
2697
1889
1377
2189
1078
2506
2199
1821
2898
1453
2881
2550
2592
2524
2059
2911
2945
1556
2456
1954
2946
2135
2698
2228
2803
2785
1022
2177
1874
2009
1550
2152
2293
1366
2618
1537
2678
1275
1185
1895
2120
2432
1241
1974
2104
1583
1870
2577
2544
1512
1255
1648
1157
2289
2100
2917
1359
2142
2627
2521
2809
2281
2114
1976
2926
2206
2335
2422
2436
2613
1964
1452
2981
2940
1726
1395
1591
1601
1812
2076
1774
1897
1540
2137
1207
2224
2065
1420
1205
2205
1433
2394
2137
1569
2763
2843
2842
1852
2470
1536
1428
1148
2604
1761
2524
1348
1445
2083
2657
2117
2976
1555
1551
1227
1156
1586
1262
1078
2165
1004
2231
1154
1538
1126
1558
2070
2155
2452
2938
2742
1361
2692
2058
1973
2757
1962
1282
1963
2914
1577
2155
1311
2422
1067
1720
1057
1003
2461
1420
2967
1061
2810
1225
2161
2116
2147
2116
2475
1192
1863
1269
1887
1332
2197
2602
1780
1356
2155
1930
1607
1992
1161
1767
1908
2091
2376
1709
1889
1949
2096
1527
2391
1891
2858
2592
1774
2753
1859
1655
1844
2870
2634
1660
1210
2981
2471
1848
1580
2692
1127
2361
1066
1037
2152
2794
1591
1314
1997
1169
2285
1485
2526
2097
2603
2149
2848
2048
2301
2237
2268
2963
1606
1607
1023
1478
2253
2358
2798
2712
2353
2001
2451
2274
1593
2531
1416
1592
1981
2991
2687
1128
2779
1600
2251
1728
1703
1135
1055
1452
2050
1422
2913
2093
1733
1617
2523
1621
2330
1340
1374
1950
2871
2487
2514
2186
1912
1935
2303
2101
1769
1958
1105
1831
1933
1450
1740
1382
2989
2003
1372
1209
2272
1990
2182
1607
2227
2727
2753
2013
2822
1355
2843
2014
1507
2555
2442
1252
1099
1476
1151
1621
1471
1612
2280
1682
2360
2191
2035
2105
1987
1991
1738
1562
2429
1546
1600
2582
2902
2077
2902
2163
2805
2183
2074
1244
1161
1424
1132
2565
1382
1640
2510
1325
2580
1540
1192
2988
1488
2963
2518
1852
2781
2174
1662
2052
1691
1902
1009
1070
2466
1976
1662
1434
2219
2819
2365
1036
1579
1658
1135
2209
1165
2765
2047
1183
1035
2706
1157
2698
1113
2793
2823
1618
2078
1517
2300
1274
1471
1446
2735
2852
1434
1275
2876
1223
2972
2228
1770
2034
2447
2318
2805
2139
1508
2584
1111
2816
1801
2827
2146
1343
1335
2134
1452
2817
2122
2455
1400
2097
1486
2949
2525
2874
2818
1610
2165
1550
2988
2526
1972
2611
2457
2191
1539
1527
2591
2925
2520
1813
2705
1169
1332
1920
1758
2430
1944
1356
2742
1952
1973
1420
2362
2272
1935
2277
2287
2457
2781
1314
1839
2981
2335
1537
1612
2241
1644
2874
1393
2592
2936
1968
1143
2842
2494
2384
1073
2021
1391
1783
1301
1964
1127
1968
1800
2987
2681
1290
2452
1053
2327
1207
1672
2685
2272
1057
2700
2024
2581
1640
2896
1764
1881
1943
2528
1338
2725
1380
1318
1022
1926
2853
2620
2911
1572
1696
1500
2954
1007
1467
1814
2889
2008
1587
1965
1689
1961
1928
1166
1081
2194
1940
2382
2446
1457
2300
1120
1028
2221
1471
1103
1838
1375
1388
1966
1854
1038
2993
2698
2689
1094
2510
2648
2849
2611
2055
2624
2462
1152
1912
2277
2759
2422
2355
1600
1506
2115
2149
1897
2027
2554
2182
2226
2761
2768
1439
2959
2492
2266
1606
1893
2291
1888
1717
2846
1850
1038
1177
2679
1568
1015
2710
2214
2086
2134
2024
1803
1764
2899
1220
2705
2438
1087
1021
2657
1091
2892
1746
2548
2110
1019
2548
1651
2501
1091
2374
2461
1063
1547
2861
2500
2259
2324
2231
2100
1595
2902
2632
1825
2951
1622
2607
2604
2710
1280
1959
2449
2400
1239
1321
1840
1639
2550
1135
2759
2907
1154
1363
1624
2716
2030
1798
1724
1290
2330
2589
1732
2489
1898
1734
1495
1441
2446
1880
2029
2913
1267
1064
1670
1315
2341
2744
1064
2427
2207
2890
2772
1817
1377
2770
1044
1518
1356
1337
2243
1354
1134
1326
2936
2004
1381
1735
1985
1252
1761
2165
1160
2138
1242
2069
1476
1393
1210
2755
1439
2718
1785
2809
1199
2690
1076
2470
1172
1727
2441
1369
1709
2680
2530
2364
1351
1984
2251
1390
1603
1236
2642
2057
2562
1621
2202
2258
2639
1326
2171
1262
2010
1892
1913
2673
2717
1995
1903
1186
1244
1317
1097
2043
2110
1061
1867
1117
2882
2722
1250
2832
1456
2135
1124
1031
1566
2823
2070
2178
2619
2014
1018
1421
1963
1714
1699
2902
1392
1512
2071
2652
2993
2483
2143
1619
1930
1784
2030
2275
1759
1181
1980
2544
1518
2864
1070
1701
1632
2995
2707
2970
2204
2788
1405
2356
2633
1339
2298
1499
2093
2061
2303
2231
2230
1614
1408
1795
2420
2547
2206
1636
2690
1541
1357
1027
2671
2210
1313
1318
1805
1357
2197
1389
1526
1910
1495
2599
2853
1332
1747
1909
2216
2734
1467
1942
1920
1001
2400
1298
1234
2635
1359
2371
1070
1903
1051
1709
1385
1282
2226
2126
1145
2042
1647
1167
2700
2342
1660
2651
1653
2495
2770
2071
2949
1902
1695
1711
2786
1896
1234
1874
2518
2164
1541
2739
2359
2830
1991
1137
1790
2659
2918
2848
2198
2012
1046
2646
2900
2856
1040
2130
2189
1010
1146
2982
2376
1618
1535
2789
1040
2735
2923
2903
2726
2498
2276
1434
2690
2406
2824
2291
2387
1723
1728
2786
1211
1865
2926
1923
2752
1938
2200
2289
1120
1569
1296
2565
1652
2494
2239
2332
1647
1283
1694
1366
1940
1689
2657
1659
2402
1259
2480
1192
2621
1724
1827
1639
2313
2069
2010
2989
2245
2790
1830
2764
2418
1150
1000
1641
2319
1494
1731
2744
1075
2647
1376
1123
1861
2268
2863
1770
2811
1618
1284
1204
2670
2107
1654
1699
1750
2802
2335
1126
2999
1850
2720
1447
1544
1871
2165
1205
2443
2573
2064
2301
2622
2047
2277
2257
2254
1584
1281
2426
1554
2334
2296
2986
2875
1628
2794
1418
1494
1462
1281
2130
2762
1919
1417
1543
2181
1063
2268
2510
2958
1753
2553
2879
1014
2512
1552
1381
2865
2377
1517
1009
1162
1475
2127
2270
1800
2835
2932
1936
1243
1060
1315
2214
1330
1884
1989
1630
1933
1466
1472
2807
2954
2332
2402
1442
1215
1325
1943
1538
1698
2010
1830
1250
1864
2645
2590
2805
2504
1827
2857
1689
2652
2529
2890
2533
1507
1156
2408
2786
2565
1965
1959
1077
2933
2539
2655
2170
2732
1162
1995
2348
2407
2777
2577
1073
2671
1929
1225
1363
2161
1842
2507
2329
2154
2384
1625
2772
1969
2458
2102
2245
2513
1843
2819
2940
1825
2969
1988
2331
2161
1163
1139
2473
2147
2616
1840
2818
1284
2690
1715
2267
2598
1762
2032
1076
2267
1477
1366
2871
2576
2883
2948
1180
2515
2400
1272
2495
2451
1164
1830
2921
1795
1157
1409
2778
1498
2668
2137
1097
1690
1573
1777
1986
2650
2455
1659
2030
1971
1220
2691
1921
1235
1987
1189
2316
2113
2569
2859
1586
1103
2566
1671
2344
2469
2411
1674
2534
2383
2073
1182
1498
1525
1540
2582
2299
1667
2631
1264
2507
2948
1601
1300
1574
2976
1214
1868
2951
1855
1760
2432
2458
1321
2028
1949
1324
2603
1425
1457
1486
2984
2306
2085
2921
1482
2117
1655
2123
1539
2276
1828
2095
1637
1153
2094
1547
2809
2247
2655
1347
2832
2139
2235
2427
2388
2401
2283
1801
1946
2235
1963
1193
1127
1581
1729
1466
2828
1131
1416
2614
1887
1971
1993
1438
2071
1287
2181
2116
1748
1747
2290
2882
2520
2238
2783
1944
2726
2507
2821
1763
1974
1534
1292
1305
2321
1612
1511
1841
2271
1787
1085
1518
2939
2968
2869
2573
1824
1656
2989
1876
2371
1126
1959
2858
1244
1515
1889
1734
1650
1356
1535
1599
1713
2893
2023
1682
1787
1747
1689
1378
2344
1112
1881
2570
2507
1607
1226
2510
1460
2103
2489
1088
2955
1188
1651
1902
1055
2872
2612
1560
2379
2697
1901
1199
2450
2621
2529
1945
2551
2040
1260
2977
2315
1622
2401
1884
1603
1204
1054
1558
1893
2936
1230
1467
1632
1217
2731
2369
2534
2088
2877
1122
1303
1462
1956
1880
2090
1424
1950
2609
1066
1806
1093
2434
1787
2009
1416
1064
2503
1106
1636
2650
1034
1919
2591
1897
1926
1632
2546
2873
2132
2512
2368
1050
1416
2183
2086
2351
2767
2540
2657
2719
2184
1128
1767
2090
1068
2454
1667
2355
2155
1334
2801
1756
1988
2864
2145
2960
1505
2742
1371
1465
1181
1155
1920
2977
1795
2719
1961
2790
2452
1780
2031
2247
1188
2315
1958
2411
2226
1903
1078
1921
1331
1092
1751
2849
2889
2480
2424
1137
2181
2711
2812
1525
2758
1557
1955
2526
1484
1251
1840
2146
1342
1101
2428
1692
1060
1835
2838
1530
2674
1387
1205
1637
1122
1807
1196
2062
1469
2114
1256
1251
2661
1622
2297
1600
2674
1946
1514
2675
2455
1527
2319
1320
1184
2217
2347
1267
1627
2315
2651
1307
2272
1771
1811
1603
1886
2989
2226
2741
2659
1755
2916
1400
2439
2057
1844
1600
2326
2630
2476
2852
2056
2783
2459
1434
1151
1262
2497
2463
2412
2912
1898
1587
1071
2485
1732
1168
1881
2368
2143
2300
2479
1741
2273
1060
2413
2578
2115
2936
1317
2574
2827
1126
2419
1919
1046
1534
1358
1488
1170
1204
2557
2447
2229
2852
1987
2572
2462
2432
1192
2157
1270
1605
1062
2622
1378
1116
1725
2918
1320
1964
1347
2501
1708
1292
1340
2346
2838
2662
1041
1489
1697
1495
2544
1369
1714
2852
1296
1540
2371
2150
2624
2647
2827
2630
2315
2257
2476
2339
2969
1017
2937
1136
1413
2000
1282
2587
1542
2981
1693
2296
2269
1351
2627
2780
1706
2277
2868
1029
1355
1474
1768
1175
2243
1108
2035
1825
1906
2699
2867
2846
1494
1391
1929
2040
1326
2690
2018
1127
1175
1316
1393
1414
1957
2309
2683
1430
2720
1718
1407
1740
2072
1176
1312
1238
1478
2486
1328
2460
1056
1743
2650
2609
1321
1019
1548
1560
1955
2447
2576
1379
1745
1451
2773
2966
1886
1408
1983
1722
2340
1247
2839
1054
1322
2525
1952
1736
2749
2114
1512
2201
1945
1665
1750
1055
1028
1026
1223
1220
2023
2043
1903
2419
1066
2685
1470
2155
1611
1306
2496
2587
1371
1669
2705
1389
2581
2850
1644
1040
1243
1052
2558
1326
1167
2981
1339
1484
2731
1288
1020
2944
1278
2490
2788
2108
2916
2015
1870
2360
2912
1321
2773
2670
2281
1580
1007
2319
1262
2941
1591
1219
1158
2952
2805
2750
1512
1744
1837
1518
1972
1777
2977
2000
1389
1041
2547
1458
2900
1061
2378
1699
1122
1857
2384
2103
2401
1447
2775
2407
2632
1425
1494
1285
1393
2041
2404
1980
2248
2805
1903
1654
2450
1424
2520
2120
2279
2355
1519
2920
2670
2787
1831
2159
2356
1828
2262
1529
2665
1644
1628
2008
2423
2306
2333
1496
2639
1092
1500
1838
2562
2616
1765
1866
1209
1130
2055
2748
2769
1029
2829
1107
2102
1005
1576
2431
1035
1832
1835
2200
1332
1661
2658
1480
2560
2292
2735
2195
1574
2861
2434
1799
1514
1405
1541
1118
2668
2995
1697
2112
2190
2473
2881
2598
2432
2966
2113
1801
2474
2544
1458
1433
2901
2335
1133
2810
2166
2684
1825
2392
1272
2104
2459
1051
2661
2777
1073
1285
1921
1583
1355
2072
2659
2805
1598
1014
2640
2147
1638
1248
1782
1921
2464
1967
1074
1493
1217
2657
2158
2237
2598
1835
1194
2713
1978
1342
2022
1151
1933
2340
1466
2578
2663
1145
2675
2605
2809
2934
1018
2008
1851
1016
2161
1037
2984
1743
1485
2021
2643
2355
2763
2348
2132
2833
2097
2483
1314
2259
2018
2868
1295
2414
2044
2895
2491
1413
1026
2979
1670
1083
1297
2761
2261
2709
2354
1210
1743
2989
2491
2049
2805
1187
2866
1563
1613
2606
2399
1707
1946
1584
2620
2074
2441
2072
2187
2411
1961
2801
1077
1629
2584
2008
2891
1001
1623
2187
2074
2572
2681
1372
1840
1102
1629
1109
2981
1712
2373
1749
2889
1877
2147
2904
2248
2855
1615
1333
1052
2090
1271
2881
1599
2382
2868
1970
2746
1646
2004
2286
1407
1925
2602
2001
1168
1072
1038
1916
1467
1598
2578
2763
1475
2549
2034
1359
1051
1214
1510
1978
1969
1264
1912
1562
1044
1434
1853
1084
2980
2954
2338
2818
1493
1947
1893
2655
1663
2667
1900
1982
2949
2538
1909
2451
2032
2334
1500
2297
2520
1300
1442
2235
1278
1185
1152
1438
2009
1654
2440
1323
1755
2578
1412
1211
2463
2129
2622
2106
2033
2114
1227
1310
1402
1943
1733
1441
1302
2405
2483
2058
2436
2171
2407
2875
1881
2560
2164
1491
2897
2885
1385
1363
2292
2809
2239
2669
1969
2363
2299
2616
2586
1338
2848
2400
2619
1097
1380
2763
1416
1406
1421
2374
2258
1657
1528
2286
1237
2770
1942
2091
2257
1371
1092
1047
1491
2613
2453
2140
1072
1454
1582
2442
2541
1671
1741
1672
1102
2740
2375
1650
2937
1949
1341
2545
2790
2738
1146
2233
2694
1419
2508
1596
1132
1885
2028
2347
1964
1800
1260
2988
1663
1197
2380
1847
1936
1757
1144
1978
2806
1789
1490
2765
1535
1574
1767
2176
2997
2312
2129
1072
1359
2158
2025
2360
1031
1917
1462
1828
2035
2823
2998
1121
2898
2220
2712
1680
2997
2992
1204
1338
1016
1511
1976
2174
2348
2700
1103
2741
2034
2625
2992
1654
1430
2609
2609
1989
2613
1873
2117
1478
1164
1638
2201
1935
1166
2336
2311
1708
1986
2787
1221
2284
1367
2838
1278
2857
1861
2580
2474
2069
1378
1760
1836
2335
1949
2790
1944
2949
1290
2381
2335
1524
1674
1720
1384
2250
1767
1579
2173
1869
1801
2331
1087
1076
2120
2542
1031
1331
2654
2706
2507
1652
2392
2810
2328
1488
1305
1410
2050
1422
1195
2659
2021
2674
1443
2450
2567
2231
1071
1427
1069
1975
2239
1692
1847
1526
1934
1140
2136
2975
1067
2218
2165
1110
1768
1521
1322
1949
2286
1609
1155
2978
1467
2249
1998
2454
2890
2408
1531
1240
2157
1276
1084
1295
2536
2826
1327
1398
1469
2955
2117
2706
1744
1247
1230
1840
2167
1787
1219
1081
2576
1150
1424
1975
1503
1794
1132
1441
2226
2686
1558
1458
1154
2392
1038
1272
1096
2408
2669
1193
1802
2023
1202
2832
2625
1542
2361
2388
2728
2092
2698
1721
2163
1943
1324
2240
1226
1539
1572
1721
2416
1000
1214
1770
1428
1613
2118
1671
2211
1035
2148
2193
2888
2509
2450
1548
1746
2099
2331
1975
1376
2854
1457
1328
2539
2486
1963
2416
2320
1935
1417
1234
2040
2281
1494
1890
1878
2142
2697
1840
1021
1191
2376
1619
2492
2384
1545
1898
1559
1242
2022
2910
2514
2735
2973
2947
2460
2352
2065
2253
2134
1610
2192
1984
2815
2775
2770
1823
2253
2576
1467
1414
1706
2640
1853
1155
1401
2196
2173
1151
2819
1007
1359
2315
2642
1482
1409
2389
1498
1704
1858
2010
2543
1336
1997
2741
2423
1092
1222
1206
1756
1974
1055
2494
1678
2825
2359
1638
2515
1453
2336
1583
1756
1269
1707
1476
2069
2203
1699
2395
1800
2036
2306
1643
2896
1117
2868
1832
1301
2884
2838
1513
2904
1380
1258
2891
2892
2104
2122
1950
2927
2576
2391
2845
2692
2177
2973
2603
2655
1015
1428
1369
2700
2998
2902
1108
2748
1038
2520
2779
2380
2829
1367
1550
1972
1166
1104
1217
1273
1983
2699
2192
1760
2224
1669
1037
1952
1383
1113
2982
1298
1761
1547
1329
1768
1859
1857
1017
2551
1358
2541
1202
2194
2929
2539
2647
1508
1529
1236
1750
1258
2195
2221
2465
1707
2193
1279
1253
2980
1227
2227
1367
2292
1629
2874
2554
1777
2239
1094
1133
1670
2834
2265
2690
2122
1669
2376
2426
1917
1383
1131
1595
2929
1016
2356
2403
2083
2040
2441
2342
2277
1665
2704
1876
2233
2080
1078
2966
2572
1581
2347
1926
2940
1341
1662
1934
2871
2541
1393
2617
1570
1727
2168
2230
2851
2177
1284
2796
2764
2680
2998
1991
2661
1852
2658
2479
2852
2557
1810
1625
2507
2611
2755
2535
2190
1443
1345
1771
2639
1773
1370
2282
1992
2914
2353
2635
2084
2787
2385
1950
1163
2789
1707
2361
1001
1825
2719
1230
2537
2328
1603
1672
1139
2707
1923
2516
2319
2008
2885
1837
1092
2136
2023
1552
2754
1110
1592
2206
1784
2562
1647
1679
1507
1107
2572
2867
2804
1892
2809
1443
1645
1109
1741
1015
1368
2674
2957
2113
1747
1488
1871
2199
1963
1604
1884
2766
2964
2542
2401
1265
2099
2290
1491
2961
2329
1431
1436
2343
1852
2248
2278
1076
2739
1353
1667
1657
2717
1540
2951
2307
1295
2192
2707
1534
1129
1267
2254
2378
1763
1038
1393
2539
1945
2311
1200
2298
1664
2564
2032
1049
1172
2531
2378
2836
2864
1782
1482
2643
2888
2524
1812
1388
2150
1851
1796
2869
1280
2329
2192
1303
2946
2907
1724
2446
1134
2356
2473
1740
1884
1902
2636
1838
1055
1831
1975
1303
1318
1539
2086
1288
2684
2207
1000
2369
2381
2902
1639
2112
1509
2956
2934
2744
1062
2855
2790
2190
2325
2222
2644
2541
1762
2922
2771
1737
2531
2297
1378
2896
2892
2865
1834
1805
1324
1217
2023
1750
2999
1523
1200
2261
1948
2078
2756
1763
1282
1257
1010
2080
1924
2393
2309
1312
2758
2875
2634
1295
2466
2845
2448
2517
1412
2166
2363
2549
2318
2950
1317
2287
1048
2744
1186
2981
2024
1173
2206
1963
2635
2450
2677
2343
1613
1257
1326
2040
1242
2053
2805
1508
1777
2566
2356
1961
1346
2901
1517
2677
1828
1570
2406
2064
1893
2841
1602
2343
1551
2994
2840
1572
1587
2280
1298
1656
2485
1921
2420
2027
2948
1484
1735
2747
2324
1546
1041
1008
2074
1794
2147
1648
1843
2504
1983
2510
2402
1912
2323
2748
2708
2636
1862
1106
2417
2190
2782
1447
1345
1751
1020
2844
1000
1253
1413
2568
1264
2203
2669
2174
2913
1234
1666
2731
2656
2701
1619
1531
1217
2107
1131
1019
1690
1078
1085
2553
1926
1736
2285
1335
2067
1485
2937
2991
1113
2323
2323
2224
2679
2270
1372
1191
2107
2744
1470
1593
1325
2677
1509
2076
1816
2261
2764
2902
1255
1171
1440
2013
2584
2362
2195
2813
1376
1912
2879
2632
2491
2154
2116
1463
1261
2886
2048
1743
2218
1240
2058
2415
1807
1252
1739
1574
1819
1594
2602
1857
2093
2472
2995
2098
1323
1705
1075
1708
2732
1419
1970
1082
2131
1230
1933
1920
2904
2921
2751
2746
2549
1302
1787
1920
1882
2206
1577
1851
2733
1119
2202
1569
2177
2393
2042
2380
1922
2584
1394
1481
2395
2508
2694
2971
2932
2212
1137
2208
2411
2169
1883
1180
2541
1047
2965
1041
2817
2918
2289
2176
2786
2807
1216
2953
2103
1017
1929
1711
2705
1452
1731
1767
1376
1181
1328
2318
1458
2463
2646
1834
2362
2075
2522
2889
1976
2494
1579
1798
2410
2097
2104
2426
2767
2710
1408
2318
1108
1774
1317
1535
2173
2711
2843
1994
1681
2947
1778
1303
1394
2740
1373
2931
1192
2387
2959
1973
1098
2351
2610
2050
2056
1731
2579
2187
1783
1601
1517
2244
1914
2474
1824
2832
2297
2495
1022
1192
2545
2641
2098
2938
2280
1365
1277
2110
1034
1812
1070
2628
2821
1647
2381
2633
1678
1775
2757
1177
2383
2618
1756
1742
1069
2914
2400
1942
2937
2071
2607
2387
1795
1677
1347
2667
2422
1624
1864
2720
1477
2836
1387
1466
2640
1201
1906
1312
1858
1419
1202
1942
2058
2567
2208
2544
1411
2490
1304
2965
2738
1300
2147
1087
2621
1593
2185
2350
2035
1712
2243
2044
1307
2533
1627
1211
2844
2985
2802
2651
2166
1785
2302
1640
1532
1740
1327
1136
1311
2373
2124
2913
1848
1017
2414
1537
2753
2202
2520
1511
2304
1538
2641
2439
2657
2268
1697
1948
2207
1691
1268
1869
2943
1566
2317
2337
2010
2331
1994
1983
1700
1352
1280
1327
2301
2874
2899
1740
2116
1220
1828
1691
2691
2561
1928
2116
2187
2316
1456
1967
2925
2540
1322
2267
1633
2222
2180
1095
2743
2330
2024
2499
2344
2232
2024
1937
1288
2811
2743
2277
1242
2955
1234
2764
2863
1185
2729
1160
2669
2427
2238
1001
2313
2223
2345
2168
1616
2444
2853
2925
2615
2460
2459
2864
1773
1542
1593
2444
1834
2225
2974
1648
1687
2722
1556
1887
2745
1302
1723
2359
2907
1323
1838
2462
2119
1752
2949
1545
2544
2910
2038
2470
2287
1078
1496
2153
1417
2633
1781
1156
2857
2415
1179
1872
1327
2079
1120
1592
1556
2869
2464
1396
1113
1777
1621
2771
1755
1372
2897
1217
1173
1702
2730
2920
1171
1291
2786
2979
2206
1844
1970
2334
2152
2841
2547
1689
1302
1668
2937
1099
2725
2448
1629
2915
2618
2513
2021
1930
1867
2206
1490
1509
2403
1193
2533
2694
2502
2975
2782
2209
1617
2522
1107
2284
1692
1251
1802
2352
2192
1237
1891
1005
1791
2382
1669
2057
1636
2974
1827
2249
2984
1026
1755
2056
2814
2666
1179
1012
1596
1606
2928
1240
2598
2480
1308
1924
2456
1970
2819
2329
1728
2088
1651
1664
1014
1920
1005
2346
2762
1630
2084
1602
1224
1164
1921
2607
1353
2511
2337
1126
2665
1508
1003
1660
2465
2825
1954
1848
2625
2409
1475
1175
2908
1167
2987
2601
1791
2044
1449
2217
1583
2899
1419
2602
1198
1377
2472
2029
1930
1562
1737
1247
1298
1342
1333
2927
1446
1403
2103
1758
1306
1980
2414
1966
1526
1359
2417
2893
2477
1189
1404
2491
2104
2098
2476
2550
1599
2724
2243
2903
1747
1904
1353
2789
1963
2823
2831
2968
2953
1496
1873
2632
1975
2992
1879
1380
1763
2012
1192
1534
1205
1007
1948
2835
1257
2767
1643
1288
2718
1881
2455
2081
1898
2581
1908
2427
2711
2388
2992
2089
2221
1845
2850
1836
2749
1704
1395
1610
2008
2474
1539
2657
1162
2095
1146
1766
2118
2125
1885
2902
1807
2580
1080
1773
1809
1004
2366
2517
2426
2328
1466
1094
1960
1926
2752
1100
1423
2440
2342
1367
2503
1052
1512
1083
2976
2583
2205
1751
1396
1985
1700
2611
1319
2778
2202
2258
2429
2331
2459
1703
2216
2167
1345
2260
1900
2543
1006
2254
2882
1380
1491
2460
1813
1336
1771
1662
1100
2574
2679
1499
2196
1776
1654
2210
2986
2654
1952
2514
2082
2884
1023
1173
2774
2325
1819
1207
2063
2627
2113
2308
2441
1057
1567
2880
2182
2752
2158
1552
2594
1669
2444
1237
1549
1035
1029
1657
1482
2581
2846
1426
2596
1788
1374
1795
2216
2262
2154
1394
1571
2760
1211
1812
1800
1826
1341
2996
2638
2616
2919
1091
1428
2946
2626
1994
1314
2953
2295
2843
1470
1329
2698
2917
1271
2758
2605
2213
2833
2207
1074
1881
2829
1952
2849
1857
2932
1451
2642
2015
2881
2182
2296
2909
2376
2840
1515
2109
2791
2556
1456
1979
1143
1656
1574
1647
2654
2104
2271
1231
1045
1475
2633
2754
1249
1280
2424
1535
1632
2145
1842
2147
1042
2876
2535
1521
1122
1355
2619
2451
1311
2298
1858
2415
1883
2253
2278
1701
2511
1716
1240
2677
1193
1911
1937
2286
2099
1003
1763
1921
2545
2647
1777
1732
2327
1488
2615
2914
2901
2655
1240
2512
1808
1349
2242
1706
2173
2949
2992
2427
1949
1791
2524
1980
2288
1325
2094
2371
1847
1014
2678
2397
1018
1185
1570
1495
1890
2244
1164
2982
2885
1401
2580
2503
2732
1233
1429
2768
2434
1459
2374
1268
1739
2189
1791
2038
1566
1819
2774
1205
1809
1590
1829
2790
1376
2995
1354
2928
2249
2428
2443
1584
2871
1692
1683
2444
2952
1284
1470
2100
2957
2795
1772
1861
2206
1762
2214
2456
2984
2229
1499
1063
1221
2765
1684
2320
2613
2610
1596
1922
1742
2654
1334
2051
2414
2349
1962
2548
1928
1504
2624
2924
2995
1281
2008
2305
1435
1969
1011
2310
1457
1213
1041
2158
1798
1903
2200
1311
1216
1409
1325
1825
2118
2668
2947
2437
1198
1502
1437
2131
2048
2186
1857
2795
1287
2058
1148
1757
2916
2927
1020
1093
2878
1529
1789
2414
1018
2706
2356
2535
2098
2292
1793
1394
1174
2411
1093
2793
2812
2821
2976
1932
2132
1638
1509
2485
2461
2009
1324
2957
2462
2096
1140
2727
2450
2588
1843
1785
1699
1000
2299
2956
1729
1504
1500
1225
1568
2607
2672
2547
2571
2581
1654
2019
1912
1624
1022
1230
1578
2770
1374
2259
1501
2472
2751
2465
1282
1146
1511
1206
1143
2326
1699
1938
1505
2151
1121
2025
2232
1308
1528
2263
1920
1651
2948
1693
2032
2307
1074
1466
2657
2921
1684
1366
1989
2346
2529
1320
2705
1928
2940
2551
2328
1952
2703
2797
2469
2303
2165
1367
2772
1733
2561
1497
2302
1154
2158
1918
1504
1149
2179
1005
2535
1795
2754
1496
1466
1868
2654
1742
1555
2489
1559
2048
2427
2682
1460
1633
1697
1132
1403
2038
2343
1599
2015
2684
1018
2694
2311
2217
1259
1432
2871
1515
2575
2819
1965
2669
2911
2704
2587
2472
2717
2609
1132
1654
2100
1799
1652
1042
2042
1504
1384
2411
2933
1630
2727
2070
1959
2611
2004
1987
1047
1320
1409
1144
1485
1645
1225
2026
2506
1323
1178
1227
2146
1573
1790
2925
2679
2860
1781
1220
2227
1457
1552
2761
1825
2598
2380
1130
2569
1854
2904
2975
1958
1139
2725
2632
1398
1238
2842
1955
2189
1968
1761
1385
2342
1031
1682
1448
2136
2989
1161
2539
2784
1763
2614
1717
2241
1562
2241
1980
2149
1178
1064
2882
2174
1179
2647
1680
2221
1617
1907
1259
1422
2789
2755
1688
2302
1405
1835
1531
2475
2766
1782
2107
2342
1784
1759
1954
1735
2288
1852
1169
1806
2315
1432
1776
1633
2565
1132
2802
2327
2450
1849
2486
2447
2700
2660
2635
2382
2811
2286
2635
2611
1746
2415
2728
1513
1078
1119
1205
1128
2490
2785
2971
1976
2117
1468
2923
2164
2981
1479
2035
1271
2541
2272
2890
1701
2714
2680
1781
1176
1987
2239
1820
1382
2463
1992
2919
2315
2336
1193
1681
1561
2333
1762
1663
2296
2557
2183
1146
1243
1231
2203
2887
1665
1799
2891
1544
2133
1059
2916
1628
2723
2587
1026
1105
2038
2631
2534
1082
2723
2906
2354
1163
1708
1404
1557
1537
2706
2278
2302
2879
1562
1958
2894
1731
2506
2579
2703
1974
2961
2282
2186
1090
1008
2870
1802
1807
1225
2319
2747
2038
1922
1177
1070
1927
2774
2813
2780
2005
2648
2596
2420
2462
1637
1664
1539
1497
1173
1637
1135
2712
1646
1924
2480
2285
1157
1577
2044
2713
1681
2138
1661
2175
1758
1776
2912
1320
2363
1298
2157
2447
2929
2476
1230
2844
2352
2175
2911
1758
1831
1554
1248
2305
1055
2694
1737
2192
1574
2279
1483
2884
2483
1230
1855
1194
1594
2931
1229
2066
2462
2464
1915
2739
2014
1585
1632
2045
2062
2360
2644
2407
2739
1484
2694
1894
2730
1745
2905
2559
2053
1668
1436
1235
2771
1085
2501
1657
1243
1110
2841
1994
2789
2379
2970
2934
2757
2215
1374
2852
1285
2702
1207
1942
2782
2682
2709
2011
2050
2876
1572
2461
2025
1492
2627
1451
1141
1404
2115
2418
2484
2062
1623
1828
2355
1590
2046
1562
2506
2579
1931
2517
1127
1414
2029
2432
2794
2621
2640
1890
1610
2058
1871
1808
1235
1499
2403
1919
1693
1439
2173
2439
2778
1134
2300
1235
2875
1975
2460
1444
1279
1431
1099
1685
1882
1413
1865
1194
2574
1915
2155
1586
2040
1646
1884
2907
2217
1198
1041
2164
1743
2889
1511
1918
2736
2939
1420
2587
2275
1776
1798
2473
2635
1849
1588
2728
2784
2829
2751
1142
1163
2647
2508
1773
2318
2989
2993
2978
2831
1568
2609
2430
2079
2063
2630
2137
1434
1463
1706
2738
2621
2406
1842
2603
2111
2557
2376
1905
2398
1682
2179
1514
2935
2901
1605
2247
2354
1835
1185
2617
2487
2646
1047
1984
1585
2294
1501
1454
1021
2824
1371
2393
2046
2268
2083
2656
2497
2645
1964
2933
2520
2906
1690
1256
2358
2841
2603
1989
2006
1659
2416
1908
2440
1299
2214
1406
2168
2431
1040
2607
2332
1537
2675
1623
2027
2584
2557
2842
1733
2439
1443
2135
2242
2599
2982
2198
1387
2504
1601
2267
2607
2035
2066
1303
2339
1227
2322
1597
1242
1489
2083
2034
1340
2119
1333
1197
1366
2220
1556
1103
1038
2214
1458
2892
1408
2270
2909
2071
2602
2437
2508
2028
1041
1621
2907
2982
2398
1266
1409
2289
2969
2303
2026
1337
2720
1036
1878
2770
2004
1597
1949
2241
2272
2710
2285
2375
2710
2787
1521
1774
1080
1588
2416
2908
2320
1846
1872
2629
2397
2748
2245
2701
1418
1100
2969
2170
1084
1286
1513
2648
2585
1951
1098
2262
1167
2092
2263
1229
2232
1962
1464
1793
2248
2266
1680
2528
2256
1913
2867
1208
2067
1038
2162
1813
1905
1149
1173
2568
1909
1433
1572
1475
1736
1781
1377
1872
1553
2347
1125
2002
1690
1958
1958
1091
2719
1066
1569
2940
2149
1444
1450
1635
1380
2843
2798
1486
1523
2790
1073
1047
2607
1159
2872
1496
1815
2309
1925
2949
2743
1655
1547
1000
1711
2220
1885
1736
2624
2856
2727
1475
1106
2441
2600
2154
2324
2984
2395
1196
2450
2362
2144
1562
2588
2342
2572
2906
2009
2945
2426
2871
1815
1269
1132
2310
1517
1392
2770
2371
1167
1801
2389
1338
2029
1005
1297
1777
2825
2119
1437
1506
1634
1167
2200
2007
1106
2041
1730
1326
2721
2702
1300
2412
2212
2232
2381
1934
1638
2294
1210
2586
1329
2847
1824
2596
1096
1556
2201
1148
2388
1582
1546
1509
1833
1911
2365
2497
2341
1844
2255
2936
1796
2800
2023
1959
2531
1908
2034
2692
2095
1778
2135
1776
2841
2128
2764
1030
2585
1506
1781
2992
2123
1985
1235
1576
1498
2951
1425
1788
1192
2540
1510
2619
2263
1450
2584
1068
1175
1181
1694
2413
2444
2215
2591
1961
1259
1376
1228
1267
1170
2202
2951
1983
2721
1058
2463
2096
2025
2962
2201
1612
1967
2308
1469
1771
2364
2065
2938
1982
2004
2040
2646
1949
1393
2810
1397
2985
2956
1345
2581
1072
2392
2913
1461
1150
2939
2439
1808
2928
1369
1406
1898
2181
1070
1552
1413
2061
2664
1177
1248
2147
2447
1720
2077
1303
2754
1727
2158
2260
2672
1145
1515
1088
2607
2027
1730
1346
2732
1219
1259
1661
1152
1421
1287
2571
1883
1237
2245
2965
2495
1430
2720
2318
2012
2881
2665
1344
2035
2153
2972
1230
2873
1403
2193
2568
1211
1756
1138
1949
1961
1610
2340
1179
1184
1924
2340
1201
2343
2102
1279
2198
1461
1692
2269
2851
2445
1991
2859
2459
1480
2830
1141
2747
2382
1452
2156
1019
1888
2999
1881
1348
1860
2209
2670
2621
1598
2023
2821
1438
2728
1975
2296
1573
2302
2830
2028
2886
1816
2447
2074
2444
1509
2624
2107
2815
1040
2111
1440
2670
1186
1954
1051
1596
2436
1723
2686
1303
1582
1690
1790
1171
1777
1020
2899
2453
1870
2962
2207
2171
2129
1308
2792
1561
2845
2644
2916
1118
1765
1080
1696
2725
2116
2047
1805
2135
2746
1820
1383
2958
2420
2752
2659
1509
1127
2378
2901
1931
1928
2825
2684
2022
1451
1363
2058
2947
2694
1918
1795
2508
2401
2763
2641
2675
2492
1506
1346
1467
2861
1865
2575
2597
2900
1438
2217
2760
1165
2852
2242
1658
1602
2058
1829
1275
2858
2694
2948
1265
1954
2369
2604
2221
1670
1036
2503
2940
2413
1553
2349
1530
1550
2884
1224
1810
1858
1352
1203
2928
2472
1230
1821
1991
2350
2760
1232
2670
2851
1803
1529
2692
2247
1731
1411
2293
1163
1520
2037
1141
2010
1743
2852
1322
1987
1427
2182
2902
1314
1538
1093
1137
1274
2652
1051
2197
1650
2662
1312
1747
2217
1413
1230
1859
2455
2326
1933
1688
1649
1498
2656
1586
1400
2415
1226
2877
2479
1002
1358
1143
2520
1679
1251
1231
1322
1555
1360
1625
1440
2073
2473
1486
1905
2185
1974
1072
2247
1791
2508
1994
2142
1455
1659
1926
2908
2646
1028
2841
1687
2347
1156
1609
2711
2389
2529
2654
2938
1830
1135
2470
2333
2885
2688
2851
2990
2522
1798
1183
1115
2498
2070
2240
1638
2146
1691
1958
1832
2711
1524
2160
2750
2348
1660
2703
1829
1334
1475
1731
2494
2506
1917
1137
2941
1118
2135
1798
1764
2172
1106
2757
1815
1026
2222
1036
2540
2455
1300
1717
1729
1464
1856
1256
1433
2720
1369
2654
2420
1511
2622
1760
1418
2417
2846
2510
1908
2247
1924
2299
2808
1331
2350
2165
2015
1988
2904
2083
2772
2098
1258
2776
2363
1995
1354
2964
2587
2044
2975
1385
2681
1131
2692
1754
1747
1089
1413
1040
1414
1349
2346
2534
1181
1892
1533
1044
2823
1308
2648
2058
2275
2151
2800
2242
1802
1973
1016
2712
2632
1571
1172
1589
1033
1176
1467
2454
1085
2733
2247
1803
2439
2620
2141
2284
2008
1137
2067
2918
1410
1742
2051
1395
2892
1019
1275
2792
1425
2730
1485
2823
2949
2377
2426
2949
1366
1968
1510
2038
1402
1050
2312
1092
1739
1136
1073
1711
1180
2529
2582
1998
2742
2798
1019
2387
2179
2001
1598
1981
1910
2558
1614
2535
1989
2290
2918
2270
1477
2136
1737
2544
2896
1722
2955
2255
1285
1733
1978
1124
2045
2101
1784
1041
1285
1823
2422
1599
1069
2878
2878
2662
1996
2756
2461
1659
2061
2050
1851
2163
2042
2116
1129
2198
2035
2899
2389
1903
2827
1550
1773
1888
2272
2899
2094
2674
2533
2918
2551
1945
1805
2980
2495
2550
2470
1890
2464
1607
2368
2526
2334
2937
1961
2503
2408
1757
2550
2313
2298
1129
1743
1344
2876
2069
1288
2206
1755
2597
1096
1367
2594
1911
2808
2985
1701
2434
1994
1610
1225
2303
2722
1881
2819
1043
2245
2263
1516
2298
1789
1438
2413
2736
2599
1167
2301
2776
2010
1978
2532
2144
2963
1414
1851
2427
2849
1841
2323
2942
2730
1057
2702
1863
2920
2856
1277
1078
2868
1766
2215
2176
1901
1112
1923
2424
1061
1871
2563
2878
1145
2668
2589
1652
1498
1334
2198
1611
1933
2766
2285
1245
1467
2106
2194
1107
2549
1518
2065
2582
1433
1225
1679
2738
1433
1962
2144
2695
1630
1331
1442
2873
2969
1654
2489
1432
1377
1965
1944
2090
2782
1334
2937
2675
2065
2138
1193
1894
2830
1199
2339
1798
2231
2899
2263
1686
1766
2649
1079
1758
2550
1328
2622
1743
1439
2959
1197
2957
2268
2877
2932
1595
1259
2028
2601
2277
1520
2838
2519
2294
1814
2719
2214
1050
2067
2218
2963
1758
2903
1496
2541
1060
1601
1018
1292
2594
1182
2968
1677
2122
1727
1307
2445
2516
2101
1940
2418
2567
2060
1679
2369
1815
2913
2498
2959
2744
2690
2800
2600
2720
1392
1595
2453
2859
1187
1893
1454
1992
2363
1799
1308
2368
1854
2378
2009
2231
1123
1667
1223
2988
2969
2636
1930
2987
1620
2493
1394
1905
2934
2154
1848
2799
1830
2582
2533
1831
1712
1445
1962
1027
2889
1855
2607
2470
1980
2080
1819
2762
1078
2972
1421
2408
2331
1088
1813
2791
2835
1779
1618
2651
1956
2924
2297
2942
2621
1069
1631
2621
2492
1613
2611
2537
2972
1300
2890
2062
2767
2943
1000
1792
2820
1299
2728
1185
2853
1486
2872
2895
1104
1257
2244
2378
2048
2569
2478
1475
2615
1045
1159
2704
2010
1938
2845
1597
2201
1802
1056
1836
1977
1068
2322
1709
2240
2476
2667
2504
2669
2171
2758
1735
2641
2353
1420
2449
1486
2487
2907
1569
1530
2449
1346
1077
1600
1848
2988
1810
1667
1542
2726
2069
2368
2555
2159
1317
1903
2492
1995
1188
1509
1163
2532
2707
1194
2145
2893
2037
1906
1208
2580
1116
2778
2550
2404
2736
1280
2835
1732
2990
2031
2715
2624
1213
2198
2223
2785
2971
1300
2406
1468
2582
1155
2177
2068
1255
2046
1885
2812
1625
1823
1745
1069
1416
1482
2198
2177
1684
1023
1750
2986
2628
1216
2782
1777
1431
1968
1149
2734
1333
1204
1631
2481
1973
1961
2083
1036
2312
2929
1591
2493
2962
2811
2774
2059
1913
2798
2887
1516
2437
1954
1063
1904
1000
1227
1153
1966
1239
2610
1786
2441
1190
1698
1753
2927
1506
2716
2339
1502
2984
2840
1589
2995
2563
1449
2554
1088
2802
1882
2093
1673
1704
1899
2584
1468
2653
2707
1850
1931
2738
2960
1895
2183
1250
1250
1914
2346
1508
2464
2006
2112
2060
1750
2570
1075
1185
2300
1282
2962
2281
2404
2362
1774
2321
2415
2622
1185
1865
2268
1372
2235
1964
1854
1723
2122
2061
1113
2245
2757
2605
1065
1200
2357
1945
2351
2362
1057
1679
1241
1234
1364
1073
2461
1284
2061
2083
1570
1201
2343
2102
1279
2198
1461
1692
2269
2851
2445
1991
2859
2459
1480
2830
1141
2747
2382
1452
2156
1019
1888
2999
1881
1348
1860
2209
2670
2621
1598
2023
2821
1438
2728
1975
2296
1573
2302
2830
2028
2886
1816
2447
2074
2444
1509
2624
2107
2815
1040
2111
1440
2670
1186
1954
1051
1596
2436
1723
2686
1303
1582
1690
1790
1171
1777
1020
2899
2453
1870
2962
2207
2171
2129
1308
2792
1561
2845
2644
2916
1118
1765
1080
1696
2725
2116
2047
1805
2135
2746
1820
1383
2958
2420
2752
2659
1509
1127
2378
2901
1931
1928
2825
2684
2022
1451
1363
2058
2947
2694
1918
1795
2508
2401
2763
2641
2675
2492
1506
1346
1467
2861
1865
2575
2597
2900
1438
2217
2760
1165
2852
2242
1658
1602
2058
1829
1275
2858
2694
2948
1265
1954
2369
2604
2221
1670
1036
2503
2940
2413
1553
2349
1530
1550
2884
1224
1810
1858
1352
1203
2928
2472
1230
1821
1991
2350
2760
1232
2670
2851
1803
1529
2692
2247
1731
1411
2293
1163
1520
2037
1141
2010
1743
2852
1322
1987
1427
2182
2902
1314
1538
1093
1137
1274
2652
1051
2197
1650
2662
1312
1747
2217
1413
1230
1859
2455
2326
1933
1688
1649
1498
2656
1586
1400
2415
1226
2877
2479
1002
1358
1143
2520
1679
1251
1231
1322
1555
1360
1625
1440
2073
2473
1486
1905
2185
1974
1072
2247
1791
2508
1994
2142
1455
1659
1926
2908
2646
1028
2841
1687
2347
1156
1609
2711
2389
2529
2654
2938
1830
1135
2470
2333
2885
2688
2851
2990
2522
1798
1183
1115
2498
2070
2240
1638
2146
1691
1958
1832
2711
1524
2160
2750
2348
1660
2703
1829
1334
1475
1731
2494
2506
1917
1137
2941
1118
2135
1798
1764
2172
1106
2757
1815
1026
2222
1036
2540
2455
1300
1717
1729
1464
1856
1256
1433
2720
1369
2654
2420
1511
2622
1760
1418
2417
2846
2510
1908
2247
1924
2299
2808
1331
2350
2165
2015
1988
2904
2083
2772
2098
1258
2776
2363
1995
1354
2964
2587
2044
2975
1385
2681
1131
2692
1754
1747
1089
1413
1040
1414
1349
2346
2534
1181
1892
1533
1044
2823
1308
2648
2058
2275
2151
2800
2242
1802
1973
1016
2712
2632
1571
1172
1589
1033
1176
1467
2454
1085
2733
2247
1803
2439
2620
2141
2284
2008
1137
2067
2918
1410
1742
2051
1395
2892
1019
1275
2792
1425
2730
1485
2823
2949
2377
2426
2949
1366
1968
1510
2038
1402
1050
2312
1092
1739
1136
1073
1711
1180
2529
2582
1998
2742
2798
1019
2387
2179
2001
1598
1981
1910
2558
1614
2535
1989
2290
2918
2270
1477
2136
1737
2544
2896
1722
2955
2255
1285
1733
1978
1124
2045
2101
1784
1041
1285
1823
2422
1599
1069
2878
2878
2662
1996
2756
2461
1659
2061
2050
1851
2163
2042
2116
1129
2198
2035
2899
2389
1903
2827
1550
1773
1888
2272
2899
2094
2674
2533
2918
2551
1945
1805
2980
2495
2550
2470
1890
2464
1607
2368
2526
2334
2937
1961
2503
2408
1757
2550
2313
2298
1129
1743
1344
2876
2069
1288
2206
1755
2597
1096
1367
2594
1911
2808
2985
1701
2434
1994
1610
1225
2303
2722
1881
2819
1043
2245
2263
1516
2298
1789
1438
2413
2736
2599
1167
2301
2776
2010
1978
2532
2144
2963
1414
1851
2427
2849
1841
2323
2942
2730
1057
2702
1863
2920
2856
1277
1078
2868
1766
2215
2176
1901
1112
1923
2424
1061
1871
2563
2878
1145
2668
2589
1652
1498
1334
2198
1611
1933
2766
2285
1245
1467
2106
2194
1107
2549
1518
2065
2582
1433
1225
1679
2738
1433
1962
2144
2695
1630
1331
1442
2873
2969
1654
2489
1432
1377
1965
1944
2090
2782
1334
2937
2675
2065
2138
1193
1894
2830
1199
2339
1798
2231
2899
2263
1686
1766
2649
1079
1758
2550
1328
2622
1743
1439
2959
1197
2957
2268
2877
2932
1595
1259
2028
2601
2277
1520
2838
2519
2294
1814
2719
2214
1050
2067
2218
2963
1758
2903
1496
2541
1060
1601
1018
1292
2594
1182
2968
1677
2122
1727
1307
2445
2516
2101
1940
2418
2567
2060
1679
2369
1815
2913
2498
2959
2744
2690
2800
2600
2720
1392
1595
2453
2859
1187
1893
1454
1992
2363
1799
1308
2368
1854
2378
2009
2231
1123
1667
1223
2988
2969
2636
1930
2987
1620
2493
1394
1905
2934
2154
1848
2799
1830
2582
2533
1831
1712
1445
1962
1027
2889
1855
2607
2470
1980
2080
1819
2762
1078
2972
1421
2408
2331
1088
1813
2791
2835
1779
1618
2651
1956
2924
2297
2942
2621
1069
1631
2621
2492
1613
2611
2537
2972
1300
2890
2062
2767
2943
1000
1792
2820
1299
2728
1185
2853
1486
2872
2895
1104
1257
2244
2378
2048
2569
2478
1475
2615
1045
1159
2704
2010
1938
2845
1597
2201
1802
1056
1836
1977
1068
2322
1709
2240
2476
2667
2504
2669
2171
2758
1735
2641
2353
1420
2449
1486
2487
2907
1569
1530
2449
1346
1077
1600
1848
2988
1810
1667
1542
2726
2069
2368
2555
2159
1317
1903
2492
1995
1188
1509
1163
2532
2707
1194
2145
2893
2037
1906
1208
2580
1116
2778
2550
2404
2736
1280
2835
1732
2990
2031
2715
2624
1213
2198
2223
2785
2971
1300
2406
1468
2582
1155
2177
2068
1255
2046
1885
2812
1625
1823
1745
1069
1416
1482
2198
2177
1684
1023
1750
2986
2628
1216
2782
1777
1431
1968
1149
2734
1333
1204
1631
2481
1973
1961
2083
1036
2312
2929
1591
2493
2962
2811
2774
2059
1913
2798
2887
1516
2437
1954
1063
1904
1000
1227
1153
1966
1239
2610
1786
2441
1190
1698
1753
2927
1506
2716
2339
1502
2984
2840
1589
2995
2563
1449
2554
1088
2802
1882
2093
1673
1704
1899
2584
1468
2653
2707
1850
1931
2738
2960
1895
2183
1250
1250
1914
2346
1508
2464
2006
2112
2060
1750
2570
1075
1185
2300
1282
2962
2281
2404
2362
1774
2321
2415
2622
1185
1865
2268
1372
1201
2343
2102
1279
2198
1461
1692
2269
2851
2445
1991
2859
2459
1480
2830
1141
2747
2382
1452
2156
1019
1888
2999
1881
1348
1860
2209
2670
2621
1598
2023
2821
1438
2728
1975
2296
1573
2302
2830
2028
2886
1816
2447
2074
2444
1509
2624
2107
2815
1040
2111
1440
2670
1186
1954
1051
1596
2436
1723
2686
1303
1582
1690
1790
1171
1777
1020
2899
2453
1870
2962
2207
2171
2129
1308
2792
1561
2845
2644
2916
1118
1765
1080
1696
2725
2116
2047
1805
2135
2746
1820
1383
2958
2420
2752
2659
1509
1127
2378
2901
1931
1928
2825
2684
2022
1451
1363
2058
2947
2694
1918
1795
2508
2401
2763
2641
2675
2492
1506
1346
1467
2861
1865
2575
2597
2900
1438
2217
2760
1165
2852
2242
1658
1602
2058
1829
1275
2858
2694
2948
1265
1954
2369
2604
2221
1670
1036
2503
2940
2413
1553
2349
1530
1550
2884
1224
1810
1858
1352
1203
2928
2472
1230
1821
1991
2350
2760
1232
2670
2851
1803
1529
2692
2247
1731
1411
2293
1163
1520
2037
1141
2010
1743
2852
1322
1987
1427
2182
2902
1314
1538
1093
1137
1274
2652
1051
2197
1650
2662
1312
1747
2217
1413
1230
1859
2455
2326
1933
1688
1649
1498
2656
1586
1400
2415
1226
2877
2479
1002
1358
1143
2520
1679
1251
1231
1322
1555
1360
1625
1440
2073
2473
1486
1905
2185
1974
1072
2247
1791
2508
1994
2142
1455
1659
1926
2908
2646
1028
2841
1687
2347
1156
1609
2711
2389
2529
2654
2938
1830
1135
2470
2333
2885
2688
2851
2990
2522
1798
1183
1115
2498
2070
2240
1638
2146
1691
1958
1832
2711
1524
2160
2750
2348
1660
2703
1829
1334
1475
1731
2494
2506
1917
1137
2941
1118
2135
1798
1764
2172
1106
2757
1815
1026
2222
1036
2540
2455
1300
1717
1729
1464
1856
1256
1433
2720
1369
2654
2420
1511
2622
1760
1418
2417
2846
2510
1908
2247
1924
2299
2808
1331
2350
2165
2015
1988
2904
2083
2772
2098
1258
2776
2363
1995
1354
2964
2587
2044
2975
1385
2681
1131
2692
1754
1747
1089
1413
1040
1414
1349
2346
2534
1181
1892
1533
1044
2823
1308
2648
2058
2275
2151
2800
2242
1802
1973
1016
2712
2632
1571
1172
1589
1033
1176
1467
2454
1085
2733
2247
1803
2439
2620
2141
2284
2008
1137
2067
2918
1410
1742
2051
1395
2892
1019
1275
2792
1425
2730
1485
2823
2949
2377
2426
2949
1366
1968
1510
2038
1402
1050
2312
1092
1739
1136
1073
1711
1180
2529
2582
1998
2742
2798
1019
2387
2179
2001
1598
1981
1910
2558
1614
2535
1989
2290
2918
2270
1477
2136
1737
2544
2896
1722
2955
2255
1285
1733
1978
1124
2045
2101
1784
1041
1285
1823
2422
1599
1069
2878
2878
2662
1996
2756
2461
1659
2061
2050
1851
2163
2042
2116
1129
2198
2035
2899
2389
1903
2827
1550
1773
1888
2272
2899
2094
2674
2533
2918
2551
1945
1805
2980
2495
2550
2470
1890
2464
1607
2368
2526
2334
2937
1961
2503
2408
1757
2550
2313
2298
1129
1743
1344
2876
2069
1288
2206
1755
2597
1096
1367
2594
1911
2808
2985
1701
2434
1994
1610
1225
2303
2722
1881
2819
1043
2245
2263
1516
2298
1789
1438
2413
2736
2599
1167
2301
2776
2010
1978
2532
2144
2963
1414
1851
2427
2849
1841
2323
2942
2730
1057
2702
1863
2920
2856
1277
1078
2868
1766
2215
2176
1901
1112
1923
2424
1061
1871
2563
2878
1145
2668
2589
1652
1498
1334
2198
1611
1933
2766
2285
1245
1467
2106
2194
1107
2549
1518
2065
2582
1433
1225
1679
2738
1433
1962
2144
2695
1630
1331
1442
2873
2969
1654
2489
1432
1377
1965
1944
2090
2782
1334
2937
2675
2065
2138
1193
1894
2830
1199
2339
1798
2231
2899
2263
1686
1766
2649
1079
1758
2550
1328
2622
1743
1439
2959
1197
2957
2268
2877
2932
1595
1259
2028
2601
2277
1520
2838
2519
2294
1814
2719
2214
1050
2067
2218
2963
1758
2903
1496
2541
1060
1601
1018
1292
2594
1182
2968
1677
2122
1727
